MsgID.LOCAL_POSITION,31.0030000,-0.0822085,-0.1791552,-0.0724759
MsgID.LOCAL_VELOCITY,31.0030000,0.0000000,0.0000000,-0.0000000
MsgID.GLOBAL_POSITION,0.0000000,-122.3957536,37.7932810,0.0740000
MsgID.LOCAL_VELOCITY,0.0000000,0.0000000,0.0000000,0.0000000
MsgID.ATTITUDE,31.0150000,1.0000000,0.0000001,-0.0000003,-0.0000025,0.0000002,-0.0000005,-0.0000050
MsgID.RAW_GYROSCOPE,31.0150000,-0.0000000,-0.0000000,0.0000000
MsgID.LOCAL_POSITION,31.0290000,-0.0754565,-0.1757818,-0.0763362
MsgID.LOCAL_VELOCITY,31.0290000,0.0000000,0.0000000,-0.0000000
MsgID.GLOBAL_POSITION,0.0000000,-122.3957535,37.7932811,0.0780000
MsgID.LOCAL_VELOCITY,0.0000000,0.0000000,0.0000000,0.0000000
MsgID.ATTITUDE,31.0400000,1.0000000,0.0000001,-0.0000003,-0.0000025,0.0000002,-0.0000005,-0.0000050
MsgID.RAW_GYROSCOPE,31.0400000,-0.0000000,-0.0000000,0.0000000
MsgID.LOCAL_POSITION,31.0540000,-0.0672298,-0.1701111,-0.0798458
MsgID.LOCAL_VELOCITY,31.0540000,0.0000000,0.0000000,-0.0000000
MsgID.GLOBAL_POSITION,0.0000000,-122.3957534,37.7932811,0.0810000
MsgID.LOCAL_VELOCITY,0.0000000,0.0000000,0.0000000,0.0000000
MsgID.ATTITUDE,31.0650000,1.0000000,0.0000001,-0.0000003,-0.0000025,0.0000002,-0.0000005,-0.0000050
MsgID.RAW_GYROSCOPE,31.0650000,-0.0000000,-0.0000000,0.0000000
MsgID.LOCAL_POSITION,31.0790000,-0.0584210,-0.1629089,-0.0829695
MsgID.LOCAL_VELOCITY,31.0790000,0.0000000,0.0000000,-0.0000000
MsgID.GLOBAL_POSITION,0.0000000,-122.3957534,37.7932812,0.0830000
MsgID.LOCAL_VELOCITY,0.0000000,0.0000000,0.0000000,0.0000000
MsgID.ATTITUDE,31.0900000,1.0000000,0.0000001,-0.0000003,-0.0000025,0.0000002,-0.0000005,-0.0000050
MsgID.RAW_GYROSCOPE,31.0900000,-0.0000000,-0.0000000,0.0000000
MsgID.LOCAL_POSITION,31.1040000,-0.0518694,-0.1568449,-0.0850745
MsgID.LOCAL_VELOCITY,31.1040000,0.0000000,0.0000000,-0.0000000
MsgID.GLOBAL_POSITION,0.0000000,-122.3957533,37.7932813,0.0860000
MsgID.LOCAL_VELOCITY,0.0000000,0.0000000,0.0000000,0.0000000
MsgID.ATTITUDE,31.1150000,1.0000000,0.0000001,-0.0000003,-0.0000025,0.0000002,-0.0000005,-0.0000050
MsgID.RAW_GYROSCOPE,31.1150000,-0.0000000,-0.0000000,0.0000000
MsgID.LOCAL_POSITION,31.1290000,-0.0438950,-0.1485148,-0.0875176
MsgID.LOCAL_VELOCITY,31.1290000,0.0000000,0.0000000,-0.0000000
MsgID.GLOBAL_POSITION,0.0000000,-122.3957532,37.7932813,0.0880000
MsgID.LOCAL_VELOCITY,0.0000000,0.0000000,0.0000000,0.0000000
MsgID.ATTITUDE,31.1400000,1.0000000,0.0000001,-0.0000003,-0.0000025,0.0000002,-0.0000005,-0.0000050
MsgID.RAW_GYROSCOPE,31.1400000,-0.0000000,-0.0000000,0.0000000
MsgID.LOCAL_POSITION,31.1540000,-0.0357589,-0.1386841,-0.0899736
MsgID.LOCAL_VELOCITY,31.1540000,0.0000000,0.0000000,-0.0000000
MsgID.GLOBAL_POSITION,0.0000000,-122.3957531,37.7932814,0.0910000
MsgID.LOCAL_VELOCITY,0.0000000,0.0000000,0.0000000,0.0000000
MsgID.ATTITUDE,31.1650000,1.0000000,0.0000001,-0.0000003,-0.0000025,0.0000002,-0.0000005,-0.0000050
MsgID.RAW_GYROSCOPE,31.1650000,-0.0000000,-0.0000000,0.0000000
MsgID.LOCAL_POSITION,31.1790000,-0.0290068,-0.1291226,-0.0920656
MsgID.LOCAL_VELOCITY,31.1790000,0.0000000,0.0000000,-0.0000000
MsgID.GLOBAL_POSITION,0.0000000,-122.3957530,37.7932815,0.0930000
MsgID.LOCAL_VELOCITY,0.0000000,0.0000000,0.0000000,0.0000000
MsgID.ATTITUDE,31.1900000,1.0000000,0.0000001,-0.0000003,-0.0000025,0.0000002,-0.0000005,-0.0000050
MsgID.RAW_GYROSCOPE,31.1900000,-0.0000000,-0.0000000,0.0000000
MsgID.LOCAL_POSITION,31.2040000,-0.0218214,-0.1169843,-0.0944370
MsgID.LOCAL_VELOCITY,31.2040000,0.0000000,0.0000000,-0.0000000
MsgID.GLOBAL_POSITION,0.0000000,-122.3957528,37.7932815,0.0950000
MsgID.LOCAL_VELOCITY,0.0000000,0.0000000,0.0000000,0.0000000
MsgID.ATTITUDE,31.2150000,1.0000000,0.0000001,-0.0000003,-0.0000025,0.0000002,-0.0000005,-0.0000050
MsgID.RAW_GYROSCOPE,31.2150000,-0.0000000,-0.0000000,0.0000000
MsgID.LOCAL_POSITION,31.2290000,-0.0152827,-0.1031387,-0.0968732
MsgID.LOCAL_VELOCITY,31.2290000,0.0000000,0.0000000,-0.0000000
MsgID.GLOBAL_POSITION,0.0000000,-122.3957527,37.7932816,0.0970000
MsgID.LOCAL_VELOCITY,0.0000000,0.0000000,0.0000000,0.0000000
MsgID.ATTITUDE,31.2410000,1.0000000,0.0000001,-0.0000003,-0.0000025,0.0000002,-0.0000005,-0.0000050
MsgID.RAW_GYROSCOPE,31.2410000,-0.0000000,-0.0000000,0.0000000
MsgID.LOCAL_POSITION,31.2540000,-0.0110982,-0.0918801,-0.0987115
MsgID.LOCAL_VELOCITY,31.2540000,0.0000000,0.0000000,-0.0000000
MsgID.GLOBAL_POSITION,0.0000000,-122.3957525,37.7932816,0.1000000
MsgID.LOCAL_VELOCITY,0.0000000,0.0000000,0.0000000,0.0000000
MsgID.ATTITUDE,31.2660000,1.0000000,0.0000001,-0.0000003,-0.0000025,0.0000002,-0.0000005,-0.0000050
MsgID.RAW_GYROSCOPE,31.2660000,-0.0000000,-0.0000000,0.0000000
MsgID.STATE,0.0000000,False,False,1
MsgID.GLOBAL_HOME,0.0000000,-122.3957516,37.7932817,0.0000000
MsgID.LOCAL_POSITION,31.2790000,-0.0074376,-0.0790485,-0.1007027
MsgID.LOCAL_VELOCITY,31.2790000,0.0000000,0.0000000,-0.0000000
MsgID.GLOBAL_POSITION,0.0000000,-122.3957524,37.7932816,0.1010000
MsgID.LOCAL_VELOCITY,0.0000000,0.0000000,0.0000000,0.0000000
MsgID.ATTITUDE,31.2910000,1.0000000,0.0000001,-0.0000003,-0.0000025,0.0000002,-0.0000005,-0.0000050
MsgID.RAW_GYROSCOPE,31.2910000,-0.0000000,-0.0000000,0.0000000
MsgID.LOCAL_POSITION,31.3050000,-0.0049541,-0.0669103,-0.1025224
MsgID.LOCAL_VELOCITY,31.3050000,0.0000000,0.0000000,-0.0000000
MsgID.GLOBAL_POSITION,0.0000000,-122.3957522,37.7932817,0.1030000
MsgID.LOCAL_VELOCITY,0.0000000,0.0000000,0.0000000,0.0000000
MsgID.ATTITUDE,31.3160000,1.0000000,0.0000001,-0.0000003,-0.0000025,0.0000002,-0.0000005,-0.0000050
MsgID.RAW_GYROSCOPE,31.3160000,-0.0000000,-0.0000000,0.0000000
MsgID.LOCAL_POSITION,31.3300000,-0.0031885,-0.0534165,-0.1045226
MsgID.LOCAL_VELOCITY,31.3300000,0.0000000,0.0000000,-0.0000000
MsgID.GLOBAL_POSITION,0.0000000,-122.3957522,37.7932817,0.1040000
MsgID.LOCAL_VELOCITY,0.0000000,0.0000000,0.0000000,0.0000000
MsgID.ATTITUDE,31.3410000,1.0000000,0.0000001,-0.0000003,-0.0000025,0.0000002,-0.0000005,-0.0000050
MsgID.RAW_GYROSCOPE,31.3410000,-0.0000000,-0.0000000,0.0000000
MsgID.LOCAL_POSITION,31.3550000,-0.0024771,-0.0438859,-0.1059479
MsgID.LOCAL_VELOCITY,31.3550000,0.0000000,0.0000000,-0.0000000
MsgID.GLOBAL_POSITION,0.0000000,-122.3957520,37.7932817,0.1060000
MsgID.LOCAL_VELOCITY,0.0000000,0.0000000,0.0000000,0.0000000
MsgID.ATTITUDE,31.3660000,1.0000000,0.0000001,-0.0000003,-0.0000025,0.0000002,-0.0000005,-0.0000050
MsgID.RAW_GYROSCOPE,31.3660000,-0.0000000,-0.0000000,0.0000000
MsgID.LOCAL_POSITION,31.3800000,-0.0020955,-0.0322134,-0.1077556
MsgID.LOCAL_VELOCITY,31.3800000,0.0000000,0.0000000,-0.0000000
MsgID.GLOBAL_POSITION,0.0000000,-122.3957519,37.7932817,0.1070000
MsgID.LOCAL_VELOCITY,0.0000000,0.0000000,0.0000000,0.0000000
MsgID.ATTITUDE,31.3910000,1.0000000,0.0000001,-0.0000003,-0.0000025,0.0000002,-0.0000005,-0.0000050
MsgID.RAW_GYROSCOPE,31.3910000,-0.0000000,-0.0000000,0.0000000
MsgID.LOCAL_POSITION,31.4050000,-0.0020114,-0.0247007,-0.1089820
MsgID.LOCAL_VELOCITY,31.4050000,0.0000000,0.0000000,-0.0000000
MsgID.GLOBAL_POSITION,0.0000000,-122.3957518,37.7932817,0.1090000
MsgID.LOCAL_VELOCITY,0.0000000,0.0000000,0.0000000,0.0000000
MsgID.ATTITUDE,31.4160000,1.0000000,0.0000001,-0.0000003,-0.0000025,0.0000002,-0.0000005,-0.0000050
MsgID.RAW_GYROSCOPE,31.4160000,-0.0000000,-0.0000000,0.0000000
MsgID.LOCAL_POSITION,31.4300000,-0.0015457,-0.0146114,-0.1107686
MsgID.LOCAL_VELOCITY,31.4300000,0.0000000,0.0000000,-0.0000000
MsgID.GLOBAL_POSITION,0.0000000,-122.3957517,37.7932817,0.1100000
MsgID.LOCAL_VELOCITY,0.0000000,0.0000000,0.0000000,0.0000000
MsgID.ATTITUDE,31.4410000,1.0000000,0.0000001,-0.0000003,-0.0000025,0.0000002,-0.0000005,-0.0000050
MsgID.RAW_GYROSCOPE,31.4410000,-0.0000000,-0.0000000,0.0000000
MsgID.LOCAL_POSITION,31.4550000,-0.0007632,-0.0102135,-0.1116219
MsgID.LOCAL_VELOCITY,31.4550000,0.0000000,0.0000000,-0.0000000
MsgID.GLOBAL_POSITION,0.0000000,-122.3957516,37.7932817,0.1120000
MsgID.LOCAL_VELOCITY,0.0000000,0.0000000,0.0000000,0.0000000
MsgID.ATTITUDE,31.4660000,1.0000000,0.0000001,-0.0000003,-0.0000025,0.0000002,-0.0000005,-0.0000050
MsgID.RAW_GYROSCOPE,31.4660000,-0.0000000,-0.0000000,0.0000000
MsgID.LOCAL_POSITION,31.4800000,0.0020761,-0.0033424,-0.1129723
MsgID.LOCAL_VELOCITY,31.4800000,0.0000000,0.0000000,-0.0000000
MsgID.GLOBAL_POSITION,0.0000000,-122.3957516,37.7932817,0.1130000
MsgID.LOCAL_VELOCITY,0.0000000,0.0000000,0.0000000,0.0000000
MsgID.ATTITUDE,31.4910000,1.0000000,0.0000001,-0.0000003,-0.0000025,0.0000002,-0.0000005,-0.0000050
MsgID.RAW_GYROSCOPE,31.4910000,-0.0000000,-0.0000000,0.0000000
MsgID.LOCAL_POSITION,31.5050000,0.0057043,0.0011383,-0.1138677
MsgID.LOCAL_VELOCITY,31.5050000,0.0000000,0.0000000,-0.0000000
MsgID.GLOBAL_POSITION,0.0000000,-122.3957515,37.7932818,0.1140000
MsgID.LOCAL_VELOCITY,0.0000000,0.0000000,0.0000000,0.0000000
MsgID.ATTITUDE,31.5200000,1.0000000,0.0000001,-0.0000003,-0.0000025,0.0000002,-0.0000005,-0.0000050
MsgID.RAW_GYROSCOPE,31.5200000,-0.0000000,-0.0000000,0.0000000
MsgID.LOCAL_POSITION,31.5300000,0.0146101,0.0084129,-0.1151357
MsgID.LOCAL_VELOCITY,31.5300000,0.0000000,0.0000000,-0.0000000
MsgID.GLOBAL_POSITION,0.0000000,-122.3957515,37.7932818,0.1150000
MsgID.LOCAL_VELOCITY,0.0000000,0.0000000,0.0000000,0.0000000
MsgID.ATTITUDE,31.5510000,1.0000000,0.0000001,-0.0000003,-0.0000025,0.0000002,-0.0000005,-0.0000050
MsgID.RAW_GYROSCOPE,31.5510000,-0.0000000,-0.0000000,0.0000000
MsgID.LOCAL_POSITION,31.5560000,0.0146101,0.0084129,-0.1151357
MsgID.LOCAL_VELOCITY,31.5560000,0.0000000,0.0000000,-0.0000000
MsgID.GLOBAL_POSITION,0.0000000,-122.3957514,37.7932820,0.1160000
MsgID.LOCAL_VELOCITY,0.0000000,0.0000000,0.0000000,0.0000000
MsgID.ATTITUDE,31.5760000,1.0000000,0.0000001,-0.0000003,-0.0000025,0.0000002,-0.0000005,-0.0000050
MsgID.RAW_GYROSCOPE,31.5760000,-0.0000000,-0.0000000,0.0000000
MsgID.LOCAL_POSITION,31.5810000,0.0356683,0.0212859,-0.1167362
MsgID.LOCAL_VELOCITY,31.5810000,0.0000000,0.0000000,-0.0000000
MsgID.GLOBAL_POSITION,0.0000000,-122.3957513,37.7932821,0.1170000
MsgID.LOCAL_VELOCITY,0.0000000,0.0000000,0.0000000,0.0000000
MsgID.ATTITUDE,31.6020000,1.0000000,0.0000001,-0.0000003,-0.0000025,0.0000002,-0.0000005,-0.0000050
MsgID.RAW_GYROSCOPE,31.6020000,-0.0000000,-0.0000000,0.0000000
MsgID.LOCAL_POSITION,31.6060000,0.0445870,0.0265116,-0.1171937
MsgID.LOCAL_VELOCITY,31.6060000,0.0000000,0.0000000,-0.0000000
MsgID.GLOBAL_POSITION,0.0000000,-122.3957512,37.7932822,0.1170000
MsgID.LOCAL_VELOCITY,0.0000000,0.0000000,0.0000000,0.0000000
MsgID.ATTITUDE,31.6270000,1.0000000,0.0000001,-0.0000003,-0.0000025,0.0000002,-0.0000005,-0.0000050
MsgID.RAW_GYROSCOPE,31.6270000,-0.0000000,-0.0000000,0.0000000
MsgID.LOCAL_POSITION,31.6310000,0.0632264,0.0380807,-0.1179479
MsgID.LOCAL_VELOCITY,31.6310000,0.0000000,0.0000000,-0.0000000
MsgID.GLOBAL_POSITION,0.0000000,-122.3957511,37.7932824,0.1180000
MsgID.LOCAL_VELOCITY,0.0000000,0.0000000,0.0000000,0.0000000
MsgID.ATTITUDE,31.6520000,1.0000000,0.0000001,-0.0000003,-0.0000025,0.0000002,-0.0000005,-0.0000050
MsgID.RAW_GYROSCOPE,31.6520000,-0.0000000,-0.0000000,0.0000000
MsgID.LOCAL_POSITION,31.6560000,0.0736650,0.0452519,-0.1182894
MsgID.LOCAL_VELOCITY,31.6560000,0.0000000,0.0000000,-0.0000000
MsgID.ATTITUDE,31.6770000,1.0000000,0.0000001,-0.0000003,-0.0000025,0.0000002,-0.0000005,-0.0000050
MsgID.RAW_GYROSCOPE,31.6770000,-0.0000000,-0.0000000,0.0000000
MsgID.GLOBAL_POSITION,0.0000000,-122.3957510,37.7932825,0.1180000
MsgID.LOCAL_VELOCITY,0.0000000,0.0000000,0.0000000,0.0000000
MsgID.LOCAL_POSITION,31.6810000,0.0929446,0.0606394,-0.1188129
MsgID.LOCAL_VELOCITY,31.6810000,0.0000000,0.0000000,-0.0000000
MsgID.GLOBAL_POSITION,0.0000000,-122.3957508,37.7932826,0.1190000
MsgID.LOCAL_VELOCITY,0.0000000,0.0000000,0.0000000,0.0000000
MsgID.ATTITUDE,31.7020000,1.0000000,0.0000001,-0.0000003,-0.0000025,0.0000002,-0.0000005,-0.0000050
MsgID.RAW_GYROSCOPE,31.7020000,-0.0000000,-0.0000000,0.0000000
MsgID.LOCAL_POSITION,31.7060000,0.1021349,0.0694662,-0.1190221
MsgID.LOCAL_VELOCITY,31.7060000,0.0000000,0.0000000,-0.0000000
MsgID.GLOBAL_POSITION,0.0000000,-122.3957507,37.7932827,0.1190000
MsgID.LOCAL_VELOCITY,0.0000000,0.0000000,0.0000000,0.0000000
MsgID.ATTITUDE,31.7270000,1.0000000,0.0000001,-0.0000003,-0.0000025,0.0000002,-0.0000005,-0.0000050
MsgID.RAW_GYROSCOPE,31.7270000,-0.0000000,-0.0000000,0.0000000
MsgID.LOCAL_POSITION,31.7310000,0.1173465,0.0880823,-0.1193137
MsgID.LOCAL_VELOCITY,31.7310000,0.0000000,0.0000000,-0.0000000
MsgID.GLOBAL_POSITION,0.0000000,-122.3957505,37.7932828,0.1190000
MsgID.LOCAL_VELOCITY,0.0000000,0.0000000,0.0000000,0.0000000
MsgID.ATTITUDE,31.7520000,1.0000000,0.0000001,-0.0000003,-0.0000025,0.0000002,-0.0000005,-0.0000050
MsgID.RAW_GYROSCOPE,31.7520000,-0.0000000,-0.0000000,0.0000000
MsgID.LOCAL_POSITION,31.7560000,0.1233548,0.0982441,-0.1194062
MsgID.LOCAL_VELOCITY,31.7560000,0.0000000,0.0000000,-0.0000000
MsgID.GLOBAL_POSITION,0.0000000,-122.3957504,37.7932828,0.1190000
MsgID.LOCAL_VELOCITY,0.0000000,0.0000000,0.0000000,0.0000000
MsgID.ATTITUDE,31.7770000,1.0000000,0.0000001,-0.0000003,-0.0000025,0.0000002,-0.0000005,-0.0000050
MsgID.RAW_GYROSCOPE,31.7770000,-0.0000000,-0.0000000,0.0000000
MsgID.LOCAL_POSITION,31.7810000,0.1305273,0.1184538,-0.1194771
MsgID.LOCAL_VELOCITY,31.7810000,0.0000000,0.0000000,-0.0000000
MsgID.GLOBAL_POSITION,0.0000000,-122.3957501,37.7932829,0.1190000
MsgID.LOCAL_VELOCITY,0.0000000,0.0000000,0.0000000,0.0000000
MsgID.ATTITUDE,31.8020000,1.0000000,0.0000001,-0.0000003,-0.0000025,0.0000002,-0.0000005,-0.0000050
MsgID.RAW_GYROSCOPE,31.8020000,-0.0000000,-0.0000000,0.0000000
MsgID.LOCAL_POSITION,31.8060000,0.1316009,0.1288225,-0.1194590
MsgID.LOCAL_VELOCITY,31.8060000,0.0000000,0.0000000,-0.0000000
MsgID.GLOBAL_POSITION,0.0000000,-122.3957500,37.7932829,0.1190000
MsgID.LOCAL_VELOCITY,0.0000000,0.0000000,0.0000000,0.0000000
MsgID.ATTITUDE,31.8270000,1.0000000,0.0000001,-0.0000003,-0.0000025,0.0000002,-0.0000005,-0.0000050
MsgID.RAW_GYROSCOPE,31.8270000,-0.0000000,-0.0000000,0.0000000
MsgID.LOCAL_POSITION,31.8320000,0.1281473,0.1480905,-0.1193216
MsgID.LOCAL_VELOCITY,31.8320000,0.0000000,0.0000000,-0.0000000
MsgID.GLOBAL_POSITION,0.0000000,-122.3957498,37.7932828,0.1190000
MsgID.LOCAL_VELOCITY,0.0000000,0.0000000,0.0000000,0.0000000
MsgID.ATTITUDE,31.8520000,1.0000000,0.0000001,-0.0000003,-0.0000025,0.0000002,-0.0000005,-0.0000050
MsgID.RAW_GYROSCOPE,31.8520000,-0.0000000,-0.0000000,0.0000000
MsgID.LOCAL_POSITION,31.8570000,0.1237752,0.1567621,-0.1192078
MsgID.LOCAL_VELOCITY,31.8570000,0.0000000,0.0000000,-0.0000000
MsgID.GLOBAL_POSITION,0.0000000,-122.3957497,37.7932828,0.1190000
MsgID.LOCAL_VELOCITY,0.0000000,0.0000000,0.0000000,0.0000000
MsgID.ATTITUDE,31.8770000,1.0000000,0.0000001,-0.0000003,-0.0000025,0.0000002,-0.0000005,-0.0000050
MsgID.RAW_GYROSCOPE,31.8770000,-0.0000000,-0.0000000,0.0000000
MsgID.LOCAL_POSITION,31.8820000,0.1089970,0.1728326,-0.1188739
MsgID.LOCAL_VELOCITY,31.8820000,0.0000000,0.0000000,-0.0000000
MsgID.GLOBAL_POSITION,0.0000000,-122.3957495,37.7932826,0.1180000
MsgID.LOCAL_VELOCITY,0.0000000,0.0000000,0.0000000,0.0000000
MsgID.ATTITUDE,31.9020000,1.0000000,0.0000001,-0.0000003,-0.0000025,0.0000002,-0.0000005,-0.0000050
MsgID.RAW_GYROSCOPE,31.9020000,-0.0000000,-0.0000000,0.0000000
MsgID.LOCAL_POSITION,31.9070000,0.0984355,0.1798589,-0.1186498
MsgID.LOCAL_VELOCITY,31.9070000,0.0000000,0.0000000,-0.0000000
MsgID.GLOBAL_POSITION,0.0000000,-122.3957495,37.7932825,0.1180000
MsgID.LOCAL_VELOCITY,0.0000000,0.0000000,0.0000000,0.0000000
MsgID.ATTITUDE,31.9270000,1.0000000,0.0000001,-0.0000003,-0.0000025,0.0000002,-0.0000005,-0.0000050
MsgID.RAW_GYROSCOPE,31.9270000,-0.0000000,-0.0000000,0.0000000
MsgID.LOCAL_POSITION,31.9320000,0.0738978,0.1900620,-0.1181389
MsgID.LOCAL_VELOCITY,31.9320000,0.0000000,0.0000000,-0.0000000
MsgID.GLOBAL_POSITION,0.0000000,-122.3957494,37.7932822,0.1170000
MsgID.LOCAL_VELOCITY,0.0000000,0.0000000,0.0000000,0.0000000
MsgID.ATTITUDE,31.9530000,1.0000000,0.0000001,-0.0000003,-0.0000025,0.0000002,-0.0000005,-0.0000050
MsgID.RAW_GYROSCOPE,31.9530000,-0.0000000,-0.0000000,0.0000000
MsgID.LOCAL_POSITION,31.9570000,0.0592812,0.1936011,-0.1178326
MsgID.LOCAL_VELOCITY,31.9570000,0.0000000,0.0000000,-0.0000000
MsgID.GLOBAL_POSITION,0.0000000,-122.3957494,37.7932821,0.1170000
MsgID.LOCAL_VELOCITY,0.0000000,0.0000000,0.0000000,0.0000000
MsgID.ATTITUDE,31.9780000,1.0000000,0.0000001,-0.0000003,-0.0000025,0.0000002,-0.0000005,-0.0000050
MsgID.RAW_GYROSCOPE,31.9780000,-0.0000000,-0.0000000,0.0000000
MsgID.LOCAL_POSITION,31.9820000,0.0281725,0.1968917,-0.1171587
MsgID.LOCAL_VELOCITY,31.9820000,0.0000000,0.0000000,-0.0000000
MsgID.GLOBAL_POSITION,0.0000000,-122.3957494,37.7932818,0.1160000
MsgID.LOCAL_VELOCITY,0.0000000,0.0000000,0.0000000,0.0000000
MsgID.ATTITUDE,32.0030000,1.0000000,0.0000001,-0.0000003,-0.0000025,0.0000002,-0.0000005,-0.0000050
MsgID.RAW_GYROSCOPE,32.0030000,-0.0000000,-0.0000000,0.0000000
MsgID.LOCAL_POSITION,32.0070000,0.0112599,0.1966951,-0.1167728
MsgID.LOCAL_VELOCITY,32.0070000,0.0000000,0.0000000,-0.0000000
MsgID.GLOBAL_POSITION,0.0000000,-122.3957494,37.7932817,0.1160000
MsgID.LOCAL_VELOCITY,0.0000000,0.0000000,0.0000000,0.0000000
MsgID.ATTITUDE,32.0280000,1.0000000,0.0000001,-0.0000003,-0.0000025,0.0000002,-0.0000005,-0.0000050
MsgID.RAW_GYROSCOPE,32.0280000,-0.0000000,-0.0000000,0.0000000
MsgID.LOCAL_POSITION,32.0320000,-0.0219507,0.1926284,-0.1159533
MsgID.LOCAL_VELOCITY,32.0320000,0.0000000,0.0000000,-0.0000000
MsgID.GLOBAL_POSITION,0.0000000,-122.3957495,37.7932814,0.1150000
MsgID.LOCAL_VELOCITY,0.0000000,0.0000000,0.0000000,0.0000000
MsgID.ATTITUDE,32.0530000,1.0000000,0.0000001,-0.0000003,-0.0000025,0.0000002,-0.0000005,-0.0000050
MsgID.RAW_GYROSCOPE,32.0530000,-0.0000000,-0.0000000,0.0000000
MsgID.LOCAL_POSITION,32.0570000,-0.0386951,0.1887065,-0.1154969
MsgID.LOCAL_VELOCITY,32.0570000,0.0000000,0.0000000,-0.0000000
MsgID.GLOBAL_POSITION,0.0000000,-122.3957495,37.7932812,0.1150000
MsgID.LOCAL_VELOCITY,0.0000000,0.0000000,0.0000000,0.0000000
MsgID.ATTITUDE,32.0780000,1.0000000,0.0000001,-0.0000003,-0.0000025,0.0000002,-0.0000005,-0.0000050
MsgID.RAW_GYROSCOPE,32.0780000,-0.0000000,-0.0000000,0.0000000
MsgID.LOCAL_POSITION,32.0820000,-0.0687302,0.1780170,-0.1145644
MsgID.LOCAL_VELOCITY,32.0820000,0.0000000,0.0000000,-0.0000000
MsgID.GLOBAL_POSITION,0.0000000,-122.3957497,37.7932809,0.1140000
MsgID.LOCAL_VELOCITY,0.0000000,0.0000000,0.0000000,0.0000000
MsgID.ATTITUDE,32.1030000,1.0000000,0.0000001,-0.0000003,-0.0000025,0.0000002,-0.0000005,-0.0000050
MsgID.RAW_GYROSCOPE,32.1030000,-0.0000000,-0.0000000,0.0000000
MsgID.LOCAL_POSITION,32.1070000,-0.0833080,0.1706906,-0.1140320
MsgID.LOCAL_VELOCITY,32.1070000,0.0000000,0.0000000,-0.0000000
MsgID.GLOBAL_POSITION,0.0000000,-122.3957497,37.7932808,0.1130000
MsgID.LOCAL_VELOCITY,0.0000000,0.0000000,0.0000000,0.0000000
MsgID.ATTITUDE,32.1280000,1.0000000,0.0000001,-0.0000003,-0.0000025,0.0000002,-0.0000005,-0.0000050
MsgID.RAW_GYROSCOPE,32.1280000,-0.0000000,-0.0000000,0.0000000
MsgID.LOCAL_POSITION,32.1320000,-0.1069080,0.1541337,-0.1129588
MsgID.LOCAL_VELOCITY,32.1320000,0.0000000,0.0000000,-0.0000000
MsgID.GLOBAL_POSITION,0.0000000,-122.3957499,37.7932807,0.1120000
MsgID.LOCAL_VELOCITY,0.0000000,0.0000000,0.0000000,0.0000000
MsgID.ATTITUDE,32.1530000,1.0000000,0.0000001,-0.0000003,-0.0000025,0.0000002,-0.0000005,-0.0000050
MsgID.RAW_GYROSCOPE,32.1530000,-0.0000000,-0.0000000,0.0000000
MsgID.LOCAL_POSITION,32.1570000,-0.1159625,0.1449964,-0.1124062
MsgID.LOCAL_VELOCITY,32.1570000,0.0000000,0.0000000,-0.0000000
MsgID.GLOBAL_POSITION,0.0000000,-122.3957501,37.7932806,0.1110000
MsgID.LOCAL_VELOCITY,0.0000000,0.0000000,0.0000000,0.0000000
MsgID.ATTITUDE,32.1780000,1.0000000,0.0000001,-0.0000003,-0.0000025,0.0000002,-0.0000005,-0.0000050
MsgID.RAW_GYROSCOPE,32.1780000,-0.0000000,-0.0000000,0.0000000
MsgID.LOCAL_POSITION,32.1820000,-0.1279726,0.1254283,-0.1112589
MsgID.LOCAL_VELOCITY,32.1820000,0.0000000,0.0000000,-0.0000000
MsgID.GLOBAL_POSITION,0.0000000,-122.3957503,37.7932805,0.1100000
MsgID.LOCAL_VELOCITY,0.0000000,0.0000000,0.0000000,0.0000000
MsgID.ATTITUDE,32.2030000,1.0000000,0.0000001,-0.0000003,-0.0000025,0.0000002,-0.0000005,-0.0000050
MsgID.RAW_GYROSCOPE,32.2030000,-0.0000000,-0.0000000,0.0000000
MsgID.LOCAL_POSITION,32.2070000,-0.1306825,0.1149561,-0.1106481
MsgID.LOCAL_VELOCITY,32.2070000,0.0000000,0.0000000,-0.0000000
MsgID.GLOBAL_POSITION,0.0000000,-122.3957504,37.7932805,0.1100000
MsgID.LOCAL_VELOCITY,0.0000000,0.0000000,0.0000000,0.0000000
MsgID.ATTITUDE,32.2280000,1.0000000,0.0000001,-0.0000003,-0.0000025,0.0000002,-0.0000005,-0.0000050
MsgID.RAW_GYROSCOPE,32.2280000,-0.0000000,-0.0000000,0.0000000
MsgID.LOCAL_POSITION,32.2320000,-0.1288458,0.0943015,-0.1094105
MsgID.LOCAL_VELOCITY,32.2320000,0.0000000,0.0000000,-0.0000000
MsgID.GLOBAL_POSITION,0.0000000,-122.3957506,37.7932806,0.1080000
MsgID.LOCAL_VELOCITY,0.0000000,0.0000000,0.0000000,0.0000000
MsgID.ATTITUDE,32.2530000,1.0000000,0.0000001,-0.0000003,-0.0000025,0.0000002,-0.0000005,-0.0000050
MsgID.RAW_GYROSCOPE,32.2530000,-0.0000000,-0.0000000,0.0000000
MsgID.LOCAL_POSITION,32.2570000,-0.1243896,0.0840983,-0.1087674
MsgID.LOCAL_VELOCITY,32.2570000,0.0000000,0.0000000,-0.0000000
MsgID.STATE,0.0000000,False,False,1
MsgID.GLOBAL_HOME,0.0000000,-122.3957516,37.7932817,0.0000000
MsgID.ATTITUDE,32.2790000,1.0000000,0.0000001,-0.0000003,-0.0000025,0.0000002,-0.0000005,-0.0000050
MsgID.RAW_GYROSCOPE,32.2790000,-0.0000000,-0.0000000,0.0000000
MsgID.GLOBAL_POSITION,0.0000000,-122.3957507,37.7932806,0.1080000
MsgID.LOCAL_VELOCITY,0.0000000,0.0000000,0.0000000,0.0000000
MsgID.LOCAL_POSITION,32.2830000,-0.1097407,0.0654409,-0.1074953
MsgID.LOCAL_VELOCITY,32.2830000,0.0000000,0.0000000,-0.0000000
MsgID.ATTITUDE,32.3040000,1.0000000,0.0000001,-0.0000003,-0.0000025,0.0000002,-0.0000005,-0.0000050
MsgID.RAW_GYROSCOPE,32.3040000,-0.0000000,-0.0000000,0.0000000
MsgID.GLOBAL_POSITION,0.0000000,-122.3957509,37.7932808,0.1060000
MsgID.LOCAL_VELOCITY,0.0000000,0.0000000,0.0000000,0.0000000
MsgID.LOCAL_POSITION,32.3080000,-0.0999425,0.0569038,-0.1068496
MsgID.LOCAL_VELOCITY,32.3080000,0.0000000,0.0000000,-0.0000000
MsgID.ATTITUDE,32.3290000,1.0000000,0.0000001,-0.0000003,-0.0000025,0.0000002,-0.0000005,-0.0000050
MsgID.RAW_GYROSCOPE,32.3290000,-0.0000000,-0.0000000,0.0000000
MsgID.GLOBAL_POSITION,0.0000000,-122.3957511,37.7932810,0.1050000
MsgID.LOCAL_VELOCITY,0.0000000,0.0000000,0.0000000,0.0000000
MsgID.LOCAL_POSITION,32.3330000,-0.0773385,0.0420336,-0.1055637
MsgID.LOCAL_VELOCITY,32.3330000,0.0000000,0.0000000,-0.0000000
MsgID.ATTITUDE,32.3540000,1.0000000,0.0000001,-0.0000003,-0.0000025,0.0000002,-0.0000005,-0.0000050
MsgID.RAW_GYROSCOPE,32.3540000,-0.0000000,-0.0000000,0.0000000
MsgID.GLOBAL_POSITION,0.0000000,-122.3957512,37.7932811,0.1040000
MsgID.LOCAL_VELOCITY,0.0000000,0.0000000,0.0000000,0.0000000
MsgID.LOCAL_POSITION,32.3580000,-0.0641512,0.0352247,-0.1048658
MsgID.LOCAL_VELOCITY,32.3580000,0.0000000,0.0000000,-0.0000000
MsgID.ATTITUDE,32.3790000,1.0000000,0.0000001,-0.0000003,-0.0000025,0.0000002,-0.0000005,-0.0000050
MsgID.RAW_GYROSCOPE,32.3790000,-0.0000000,-0.0000000,0.0000000
MsgID.GLOBAL_POSITION,0.0000000,-122.3957513,37.7932813,0.1030000
MsgID.LOCAL_VELOCITY,0.0000000,0.0000000,0.0000000,0.0000000
MsgID.LOCAL_POSITION,32.3840000,-0.0393548,0.0247939,-0.1035439
MsgID.LOCAL_VELOCITY,32.3840000,0.0000000,0.0000000,-0.0000000
MsgID.GLOBAL_POSITION,0.0000000,-122.3957513,37.7932815,0.1020000
MsgID.LOCAL_VELOCITY,0.0000000,0.0000000,0.0000000,0.0000000
MsgID.ATTITUDE,32.4040000,1.0000000,0.0000001,-0.0000003,-0.0000025,0.0000002,-0.0000005,-0.0000050
MsgID.RAW_GYROSCOPE,32.4040000,-0.0000000,-0.0000000,0.0000000
MsgID.LOCAL_POSITION,32.4090000,-0.0274546,0.0206546,-0.1028622
MsgID.LOCAL_VELOCITY,32.4090000,0.0000000,0.0000000,-0.0000000
MsgID.GLOBAL_POSITION,0.0000000,-122.3957514,37.7932816,0.1020000
MsgID.LOCAL_VELOCITY,0.0000000,0.0000000,0.0000000,0.0000000
MsgID.ATTITUDE,32.4290000,1.0000000,0.0000001,-0.0000003,-0.0000025,0.0000002,-0.0000005,-0.0000050
MsgID.RAW_GYROSCOPE,32.4290000,-0.0000000,-0.0000000,0.0000000
MsgID.LOCAL_POSITION,32.4340000,-0.0076511,0.0147563,-0.1015218
MsgID.LOCAL_VELOCITY,32.4340000,0.0000000,0.0000000,-0.0000000
MsgID.GLOBAL_POSITION,0.0000000,-122.3957514,37.7932817,0.1000000
MsgID.LOCAL_VELOCITY,0.0000000,0.0000000,0.0000000,0.0000000
MsgID.ATTITUDE,32.4540000,1.0000000,0.0000001,-0.0000003,-0.0000025,0.0000002,-0.0000005,-0.0000050
MsgID.RAW_GYROSCOPE,32.4540000,-0.0000000,-0.0000000,0.0000000
MsgID.LOCAL_POSITION,32.4590000,-0.0002975,0.0128419,-0.1008650
MsgID.LOCAL_VELOCITY,32.4590000,0.0000000,0.0000000,-0.0000000
MsgID.GLOBAL_POSITION,0.0000000,-122.3957514,37.7932818,0.1000000
MsgID.LOCAL_VELOCITY,0.0000000,0.0000000,0.0000000,0.0000000
MsgID.ATTITUDE,32.4790000,1.0000000,0.0000001,-0.0000003,-0.0000025,0.0000002,-0.0000005,-0.0000050
MsgID.RAW_GYROSCOPE,32.4790000,-0.0000000,-0.0000000,0.0000000
MsgID.LOCAL_POSITION,32.4840000,0.0085500,0.0105446,-0.0995429
MsgID.LOCAL_VELOCITY,32.4840000,0.0000000,0.0000000,-0.0000000
MsgID.GLOBAL_POSITION,0.0000000,-122.3957515,37.7932818,0.0980000
MsgID.LOCAL_VELOCITY,0.0000000,0.0000000,0.0000000,0.0000000
MsgID.ATTITUDE,32.5040000,1.0000000,0.0000001,-0.0000003,-0.0000025,0.0000002,-0.0000005,-0.0000050
MsgID.RAW_GYROSCOPE,32.5040000,-0.0000000,-0.0000000,0.0000000
MsgID.LOCAL_POSITION,32.5090000,0.0096495,0.0100065,-0.0988990
MsgID.LOCAL_VELOCITY,32.5090000,0.0000000,0.0000000,-0.0000000
MsgID.GLOBAL_POSITION,0.0000000,-122.3957515,37.7932818,0.0980000
MsgID.LOCAL_VELOCITY,0.0000000,0.0000000,0.0000000,0.0000000
MsgID.ATTITUDE,32.5290000,1.0000000,0.0000001,-0.0000003,-0.0000025,0.0000002,-0.0000005,-0.0000050
MsgID.RAW_GYROSCOPE,32.5290000,-0.0000000,-0.0000000,0.0000000
MsgID.LOCAL_POSITION,32.5340000,0.0051223,0.0096133,-0.0976108
MsgID.LOCAL_VELOCITY,32.5340000,0.0000000,0.0000000,-0.0000000
MsgID.GLOBAL_POSITION,0.0000000,-122.3957515,37.7932817,0.0960000
MsgID.LOCAL_VELOCITY,0.0000000,0.0000000,0.0000000,0.0000000
MsgID.ATTITUDE,32.5540000,1.0000000,0.0000001,-0.0000003,-0.0000025,0.0000002,-0.0000005,-0.0000050
MsgID.RAW_GYROSCOPE,32.5540000,-0.0000000,-0.0000000,0.0000000
MsgID.LOCAL_POSITION,32.5590000,-0.0002522,0.0095823,-0.0969872
MsgID.LOCAL_VELOCITY,32.5590000,0.0000000,0.0000000,-0.0000000
MsgID.GLOBAL_POSITION,0.0000000,-122.3957515,37.7932816,0.0960000
MsgID.LOCAL_VELOCITY,0.0000000,0.0000000,0.0000000,0.0000000
MsgID.ATTITUDE,32.5790000,1.0000000,0.0000001,-0.0000003,-0.0000025,0.0000002,-0.0000005,-0.0000050
MsgID.RAW_GYROSCOPE,32.5790000,-0.0000000,-0.0000000,0.0000000
MsgID.LOCAL_POSITION,32.5840000,-0.0165568,0.0095823,-0.0957472
MsgID.LOCAL_VELOCITY,32.5840000,0.0000000,0.0000000,-0.0000000
MsgID.GLOBAL_POSITION,0.0000000,-122.3957515,37.7932815,0.0950000
MsgID.LOCAL_VELOCITY,0.0000000,0.0000000,0.0000000,0.0000000
MsgID.ATTITUDE,32.6050000,1.0000000,0.0000001,-0.0000003,-0.0000025,0.0000002,-0.0000005,-0.0000050
MsgID.RAW_GYROSCOPE,32.6050000,-0.0000000,-0.0000000,0.0000000
MsgID.LOCAL_POSITION,32.6090000,-0.0266785,0.0095823,-0.0951507
MsgID.LOCAL_VELOCITY,32.6090000,0.0000000,0.0000000,-0.0000000
MsgID.GLOBAL_POSITION,0.0000000,-122.3957515,37.7932813,0.0940000
MsgID.LOCAL_VELOCITY,0.0000000,0.0000000,0.0000000,0.0000000
MsgID.ATTITUDE,32.6300000,1.0000000,0.0000001,-0.0000003,-0.0000025,0.0000002,-0.0000005,-0.0000050
MsgID.RAW_GYROSCOPE,32.6300000,-0.0000000,-0.0000000,0.0000000
MsgID.LOCAL_POSITION,32.6340000,-0.0494118,0.0095823,-0.0939890
MsgID.LOCAL_VELOCITY,32.6340000,0.0000000,0.0000000,-0.0000000
MsgID.GLOBAL_POSITION,0.0000000,-122.3957515,37.7932811,0.0930000
MsgID.LOCAL_VELOCITY,0.0000000,0.0000000,0.0000000,0.0000000
MsgID.ATTITUDE,32.6550000,1.0000000,0.0000001,-0.0000003,-0.0000025,0.0000002,-0.0000005,-0.0000050
MsgID.RAW_GYROSCOPE,32.6550000,-0.0000000,-0.0000000,0.0000000
MsgID.LOCAL_POSITION,32.6590000,-0.0613702,0.0095823,-0.0934251
MsgID.LOCAL_VELOCITY,32.6590000,0.0000000,0.0000000,-0.0000000
MsgID.GLOBAL_POSITION,0.0000000,-122.3957515,37.7932810,0.0920000
MsgID.LOCAL_VELOCITY,0.0000000,0.0000000,0.0000000,0.0000000
MsgID.ATTITUDE,32.6800000,1.0000000,0.0000001,-0.0000003,-0.0000025,0.0000002,-0.0000005,-0.0000050
MsgID.RAW_GYROSCOPE,32.6800000,-0.0000000,-0.0000000,0.0000000
MsgID.LOCAL_POSITION,32.6840000,-0.0854682,0.0095823,-0.0923176
MsgID.LOCAL_VELOCITY,32.6840000,0.0000000,0.0000000,-0.0000000
MsgID.GLOBAL_POSITION,0.0000000,-122.3957515,37.7932808,0.0910000
MsgID.LOCAL_VELOCITY,0.0000000,0.0000000,0.0000000,0.0000000
MsgID.ATTITUDE,32.7050000,1.0000000,0.0000001,-0.0000003,-0.0000025,0.0000002,-0.0000005,-0.0000050
MsgID.RAW_GYROSCOPE,32.7050000,-0.0000000,-0.0000000,0.0000000
MsgID.LOCAL_POSITION,32.7090000,-0.0971550,0.0095823,-0.0917759
MsgID.LOCAL_VELOCITY,32.7090000,0.0000000,0.0000000,-0.0000000
MsgID.GLOBAL_POSITION,0.0000000,-122.3957515,37.7932807,0.0910000
MsgID.LOCAL_VELOCITY,0.0000000,0.0000000,0.0000000,0.0000000
MsgID.ATTITUDE,32.7300000,1.0000000,0.0000001,-0.0000003,-0.0000025,0.0000002,-0.0000005,-0.0000050
MsgID.RAW_GYROSCOPE,32.7300000,-0.0000000,-0.0000000,0.0000000
MsgID.LOCAL_POSITION,32.7340000,-0.1180774,0.0095823,-0.0907509
MsgID.LOCAL_VELOCITY,32.7340000,0.0000000,0.0000000,-0.0000000
MsgID.GLOBAL_POSITION,0.0000000,-122.3957515,37.7932806,0.0900000
MsgID.LOCAL_VELOCITY,0.0000000,0.0000000,0.0000000,0.0000000
MsgID.ATTITUDE,32.7550000,1.0000000,0.0000001,-0.0000003,-0.0000025,0.0000002,-0.0000005,-0.0000050
MsgID.RAW_GYROSCOPE,32.7550000,-0.0000000,-0.0000000,0.0000000
MsgID.LOCAL_POSITION,32.7590000,-0.1270155,0.0095823,-0.0902675
MsgID.LOCAL_VELOCITY,32.7590000,0.0000000,0.0000000,-0.0000000
MsgID.GLOBAL_POSITION,0.0000000,-122.3957515,37.7932805,0.0890000
MsgID.LOCAL_VELOCITY,0.0000000,0.0000000,0.0000000,0.0000000
MsgID.ATTITUDE,32.7800000,1.0000000,0.0000001,-0.0000003,-0.0000025,0.0000002,-0.0000005,-0.0000050
MsgID.RAW_GYROSCOPE,32.7800000,-0.0000000,-0.0000000,0.0000000
MsgID.LOCAL_POSITION,32.7840000,-0.1413539,0.0095823,-0.0893585
MsgID.LOCAL_VELOCITY,32.7840000,0.0000000,0.0000000,-0.0000000
MsgID.GLOBAL_POSITION,0.0000000,-122.3957515,37.7932804,0.0880000
MsgID.LOCAL_VELOCITY,0.0000000,0.0000000,0.0000000,0.0000000
MsgID.ATTITUDE,32.8050000,1.0000000,0.0000001,-0.0000003,-0.0000025,0.0000002,-0.0000005,-0.0000050
MsgID.RAW_GYROSCOPE,32.8050000,-0.0000000,-0.0000000,0.0000000
MsgID.LOCAL_POSITION,32.8100000,-0.1470777,0.0095823,-0.0888934
MsgID.LOCAL_VELOCITY,32.8100000,0.0000000,0.0000000,-0.0000000
MsgID.GLOBAL_POSITION,0.0000000,-122.3957515,37.7932803,0.0880000
MsgID.LOCAL_VELOCITY,0.0000000,0.0000000,0.0000000,0.0000000
MsgID.ATTITUDE,32.8300000,1.0000000,0.0000001,-0.0000003,-0.0000025,0.0000002,-0.0000005,-0.0000050
MsgID.RAW_GYROSCOPE,32.8300000,-0.0000000,-0.0000000,0.0000000
MsgID.LOCAL_POSITION,32.8350000,-0.1538298,0.0095823,-0.0880639
MsgID.LOCAL_VELOCITY,32.8350000,0.0000000,0.0000000,-0.0000000
MsgID.GLOBAL_POSITION,0.0000000,-122.3957515,37.7932803,0.0870000
MsgID.LOCAL_VELOCITY,0.0000000,0.0000000,0.0000000,0.0000000
MsgID.ATTITUDE,32.8550000,1.0000000,0.0000001,-0.0000003,-0.0000025,0.0000002,-0.0000005,-0.0000050
MsgID.RAW_GYROSCOPE,32.8550000,-0.0000000,-0.0000000,0.0000000
MsgID.LOCAL_POSITION,32.8600000,-0.1552203,0.0096030,-0.0876612
MsgID.LOCAL_VELOCITY,32.8600000,0.0000000,0.0000000,-0.0000000
MsgID.GLOBAL_POSITION,0.0000000,-122.3957515,37.7932803,0.0860000
MsgID.LOCAL_VELOCITY,0.0000000,0.0000000,0.0000000,0.0000000
MsgID.ATTITUDE,32.8800000,1.0000000,0.0000001,-0.0000003,-0.0000025,0.0000002,-0.0000005,-0.0000050
MsgID.RAW_GYROSCOPE,32.8800000,-0.0000000,-0.0000000,0.0000000
MsgID.LOCAL_POSITION,32.8850000,-0.1540044,0.0096547,-0.0869173
MsgID.LOCAL_VELOCITY,32.8850000,0.0000000,0.0000000,-0.0000000
MsgID.GLOBAL_POSITION,0.0000000,-122.3957515,37.7932803,0.0860000
MsgID.LOCAL_VELOCITY,0.0000000,0.0000000,0.0000000,0.0000000
MsgID.ATTITUDE,32.9050000,1.0000000,0.0000001,-0.0000003,-0.0000025,0.0000002,-0.0000005,-0.0000050
MsgID.RAW_GYROSCOPE,32.9050000,-0.0000000,-0.0000000,0.0000000
MsgID.LOCAL_POSITION,32.9100000,-0.1516049,0.0096857,-0.0865752
MsgID.LOCAL_VELOCITY,32.9100000,0.0000000,0.0000000,-0.0000000
MsgID.GLOBAL_POSITION,0.0000000,-122.3957515,37.7932804,0.0850000
MsgID.LOCAL_VELOCITY,0.0000000,0.0000000,0.0000000,0.0000000
MsgID.ATTITUDE,32.9300000,1.0000000,0.0000001,-0.0000003,-0.0000025,0.0000002,-0.0000005,-0.0000050
MsgID.RAW_GYROSCOPE,32.9300000,-0.0000000,-0.0000000,0.0000000
MsgID.LOCAL_POSITION,32.9350000,-0.1435788,0.0097789,-0.0859301
MsgID.LOCAL_VELOCITY,32.9350000,0.0000000,0.0000000,-0.0000000
MsgID.GLOBAL_POSITION,0.0000000,-122.3957515,37.7932805,0.0850000
MsgID.LOCAL_VELOCITY,0.0000000,0.0000000,0.0000000,0.0000000
MsgID.ATTITUDE,32.9560000,1.0000000,0.0000001,-0.0000003,-0.0000025,0.0000002,-0.0000005,-0.0000050
MsgID.RAW_GYROSCOPE,32.9560000,-0.0000000,-0.0000000,0.0000000
MsgID.LOCAL_POSITION,32.9600000,-0.1383013,0.0098203,-0.0856366
MsgID.LOCAL_VELOCITY,32.9600000,0.0000000,0.0000000,-0.0000000
MsgID.GLOBAL_POSITION,0.0000000,-122.3957515,37.7932806,0.0850000
MsgID.LOCAL_VELOCITY,0.0000000,0.0000000,0.0000000,0.0000000
MsgID.ATTITUDE,32.9810000,1.0000000,0.0000001,-0.0000003,-0.0000025,0.0000002,-0.0000005,-0.0000050
MsgID.RAW_GYROSCOPE,32.9810000,-0.0000000,-0.0000000,0.0000000
MsgID.LOCAL_POSITION,32.9850000,-0.1260453,0.0098824,-0.0851046
MsgID.LOCAL_VELOCITY,32.9850000,0.0000000,0.0000000,-0.0000000
MsgID.GLOBAL_POSITION,0.0000000,-122.3957515,37.7932806,0.0840000
MsgID.LOCAL_VELOCITY,0.0000000,0.0000000,0.0000000,0.0000000
MsgID.ATTITUDE,33.0060000,1.0000000,0.0000001,-0.0000003,-0.0000025,0.0000002,-0.0000005,-0.0000050
MsgID.RAW_GYROSCOPE,33.0060000,-0.0000000,-0.0000000,0.0000000
MsgID.LOCAL_POSITION,33.0100000,-0.1187758,0.0099031,-0.0848431
MsgID.LOCAL_VELOCITY,33.0100000,0.0000000,0.0000000,-0.0000000
MsgID.GLOBAL_POSITION,0.0000000,-122.3957515,37.7932808,0.0840000
MsgID.LOCAL_VELOCITY,0.0000000,0.0000000,0.0000000,0.0000000
MsgID.ATTITUDE,33.0310000,1.0000000,0.0000001,-0.0000003,-0.0000025,0.0000002,-0.0000005,-0.0000050
MsgID.RAW_GYROSCOPE,33.0310000,-0.0000000,-0.0000000,0.0000000
MsgID.LOCAL_POSITION,33.0350000,-0.1047219,0.0098927,-0.0843965
MsgID.LOCAL_VELOCITY,33.0350000,0.0000000,0.0000000,-0.0000000
MsgID.GLOBAL_POSITION,0.0000000,-122.3957515,37.7932808,0.0840000
MsgID.LOCAL_VELOCITY,0.0000000,0.0000000,0.0000000,0.0000000
MsgID.ATTITUDE,33.0560000,1.0000000,0.0000001,-0.0000003,-0.0000025,0.0000002,-0.0000005,-0.0000050
MsgID.RAW_GYROSCOPE,33.0560000,-0.0000000,-0.0000000,0.0000000
MsgID.LOCAL_POSITION,33.0610000,-0.0976982,0.0098720,-0.0841895
MsgID.LOCAL_VELOCITY,33.0610000,0.0000000,0.0000000,-0.0000000
MsgID.GLOBAL_POSITION,0.0000000,-122.3957515,37.7932809,0.0830000
MsgID.LOCAL_VELOCITY,0.0000000,0.0000000,0.0000000,0.0000000
MsgID.ATTITUDE,33.0810000,1.0000000,0.0000001,-0.0000003,-0.0000025,0.0000002,-0.0000005,-0.0000050
MsgID.RAW_GYROSCOPE,33.0810000,-0.0000000,-0.0000000,0.0000000
MsgID.LOCAL_POSITION,33.0860000,-0.0853453,0.0098099,-0.0838307
MsgID.LOCAL_VELOCITY,33.0860000,0.0000000,0.0000000,-0.0000000
MsgID.GLOBAL_POSITION,0.0000000,-122.3957515,37.7932810,0.0830000
MsgID.LOCAL_VELOCITY,0.0000000,0.0000000,0.0000000,0.0000000
MsgID.ATTITUDE,33.1060000,1.0000000,0.0000001,-0.0000003,-0.0000025,0.0000002,-0.0000005,-0.0000050
MsgID.RAW_GYROSCOPE,33.1060000,-0.0000000,-0.0000000,0.0000000
MsgID.LOCAL_POSITION,33.1110000,-0.0802489,0.0097685,-0.0836764
MsgID.LOCAL_VELOCITY,33.1110000,0.0000000,0.0000000,-0.0000000
MsgID.GLOBAL_POSITION,0.0000000,-122.3957515,37.7932811,0.0830000
MsgID.LOCAL_VELOCITY,0.0000000,0.0000000,0.0000000,0.0000000
MsgID.ATTITUDE,33.1320000,1.0000000,0.0000001,-0.0000003,-0.0000025,0.0000002,-0.0000005,-0.0000050
MsgID.RAW_GYROSCOPE,33.1320000,-0.0000000,-0.0000000,0.0000000
MsgID.LOCAL_POSITION,33.1360000,-0.0717635,0.0096857,-0.0833853
MsgID.LOCAL_VELOCITY,33.1360000,0.0000000,0.0000000,-0.0000000
MsgID.GLOBAL_POSITION,0.0000000,-122.3957515,37.7932811,0.0830000
MsgID.LOCAL_VELOCITY,0.0000000,0.0000000,0.0000000,0.0000000
MsgID.ATTITUDE,33.1570000,1.0000000,0.0000001,-0.0000003,-0.0000025,0.0000002,-0.0000005,-0.0000050
MsgID.RAW_GYROSCOPE,33.1570000,-0.0000000,-0.0000000,0.0000000
MsgID.LOCAL_POSITION,33.1610000,-0.0690924,0.0096547,-0.0832686
MsgID.LOCAL_VELOCITY,33.1610000,0.0000000,0.0000000,-0.0000000
MsgID.GLOBAL_POSITION,0.0000000,-122.3957515,37.7932811,0.0830000
MsgID.LOCAL_VELOCITY,0.0000000,0.0000000,0.0000000,0.0000000
MsgID.ATTITUDE,33.1820000,1.0000000,0.0000001,-0.0000003,-0.0000025,0.0000002,-0.0000005,-0.0000050
MsgID.RAW_GYROSCOPE,33.1820000,-0.0000000,-0.0000000,0.0000000
MsgID.LOCAL_POSITION,33.1860000,-0.0659945,0.0096030,-0.0830561
MsgID.LOCAL_VELOCITY,33.1860000,0.0000000,0.0000000,-0.0000000
MsgID.GLOBAL_POSITION,0.0000000,-122.3957515,37.7932811,0.0820000
MsgID.LOCAL_VELOCITY,0.0000000,0.0000000,0.0000000,0.0000000
MsgID.ATTITUDE,33.2070000,1.0000000,0.0000001,-0.0000003,-0.0000025,0.0000002,-0.0000005,-0.0000050
MsgID.RAW_GYROSCOPE,33.2070000,-0.0000000,-0.0000000,0.0000000
MsgID.LOCAL_POSITION,33.2110000,-0.0656064,0.0095926,-0.0829717
MsgID.LOCAL_VELOCITY,33.2110000,0.0000000,0.0000000,-0.0000000
MsgID.GLOBAL_POSITION,0.0000000,-122.3957515,37.7932811,0.0820000
MsgID.LOCAL_VELOCITY,0.0000000,0.0000000,0.0000000,0.0000000
MsgID.ATTITUDE,33.2320000,1.0000000,0.0000001,-0.0000003,-0.0000025,0.0000002,-0.0000005,-0.0000050
MsgID.RAW_GYROSCOPE,33.2320000,-0.0000000,-0.0000000,0.0000000
MsgID.LOCAL_POSITION,33.2360000,-0.0663243,0.0095719,-0.0828264
MsgID.LOCAL_VELOCITY,33.2360000,0.0000000,0.0000000,-0.0000000
MsgID.GLOBAL_POSITION,0.0000000,-122.3957515,37.7932811,0.0820000
MsgID.LOCAL_VELOCITY,0.0000000,0.0000000,0.0000000,0.0000000
MsgID.ATTITUDE,33.2570000,1.0000000,0.0000001,-0.0000003,-0.0000025,0.0000002,-0.0000005,-0.0000050
MsgID.RAW_GYROSCOPE,33.2570000,-0.0000000,-0.0000000,0.0000000
MsgID.LOCAL_POSITION,33.2610000,-0.0661691,0.0095719,-0.0827604
MsgID.LOCAL_VELOCITY,33.2610000,0.0000000,0.0000000,-0.0000000
MsgID.STATE,0.0000000,False,False,1
MsgID.GLOBAL_HOME,0.0000000,-122.3957516,37.7932817,0.0000000
MsgID.GLOBAL_POSITION,0.0000000,-122.3957515,37.7932811,0.0820000
MsgID.LOCAL_VELOCITY,0.0000000,0.0000000,0.0000000,0.0000000
MsgID.ATTITUDE,33.2830000,1.0000000,0.0000001,-0.0000003,-0.0000025,0.0000002,-0.0000005,-0.0000050
MsgID.RAW_GYROSCOPE,33.2830000,-0.0000000,-0.0000000,0.0000000
MsgID.LOCAL_POSITION,33.2870000,-0.0653995,0.0095823,-0.0826693
MsgID.LOCAL_VELOCITY,33.2870000,0.0000000,0.0000000,-0.0000000
MsgID.GLOBAL_POSITION,0.0000000,-122.3957515,37.7932811,0.0820000
MsgID.LOCAL_VELOCITY,0.0000000,0.0000000,0.0000000,0.0000000
MsgID.ATTITUDE,33.3080000,1.0000000,0.0000001,-0.0000003,-0.0000025,0.0000002,-0.0000005,-0.0000050
MsgID.RAW_GYROSCOPE,33.3080000,-0.0000000,-0.0000000,0.0000000
MsgID.LOCAL_POSITION,33.3120000,-0.0625926,0.0095823,-0.0826207
MsgID.LOCAL_VELOCITY,33.3120000,0.0000000,0.0000000,-0.0000000
MsgID.GLOBAL_POSITION,0.0000000,-122.3957515,37.7932812,0.0820000
MsgID.LOCAL_VELOCITY,0.0000000,0.0000000,0.0000000,0.0000000
MsgID.ATTITUDE,33.3330000,1.0000000,0.0000001,-0.0000003,-0.0000025,0.0000002,-0.0000005,-0.0000050
MsgID.RAW_GYROSCOPE,33.3330000,-0.0000000,-0.0000000,0.0000000
MsgID.LOCAL_POSITION,33.3370000,-0.0557823,0.0095823,-0.0825758
MsgID.LOCAL_VELOCITY,33.3370000,0.0000000,0.0000000,-0.0000000
MsgID.GLOBAL_POSITION,0.0000000,-122.3957515,37.7932812,0.0820000
MsgID.LOCAL_VELOCITY,0.0000000,0.0000000,0.0000000,0.0000000
MsgID.ATTITUDE,33.3580000,1.0000000,0.0000001,-0.0000003,-0.0000025,0.0000002,-0.0000005,-0.0000050
MsgID.RAW_GYROSCOPE,33.3580000,-0.0000000,-0.0000000,0.0000000
MsgID.LOCAL_POSITION,33.3620000,-0.0497998,0.0095823,-0.0825550
MsgID.LOCAL_VELOCITY,33.3620000,0.0000000,0.0000000,-0.0000000
MsgID.GLOBAL_POSITION,0.0000000,-122.3957515,37.7932814,0.0820000
MsgID.LOCAL_VELOCITY,0.0000000,0.0000000,0.0000000,0.0000000
MsgID.ATTITUDE,33.3830000,1.0000000,0.0000001,-0.0000003,-0.0000025,0.0000002,-0.0000005,-0.0000050
MsgID.RAW_GYROSCOPE,33.3830000,-0.0000000,-0.0000000,0.0000000
MsgID.LOCAL_POSITION,33.3870000,-0.0342843,0.0095823,-0.0825268
MsgID.LOCAL_VELOCITY,33.3870000,0.0000000,0.0000000,-0.0000000
MsgID.GLOBAL_POSITION,0.0000000,-122.3957515,37.7932815,0.0820000
MsgID.LOCAL_VELOCITY,0.0000000,0.0000000,0.0000000,0.0000000
MsgID.ATTITUDE,33.4080000,1.0000000,0.0000001,-0.0000003,-0.0000025,0.0000002,-0.0000005,-0.0000050
MsgID.RAW_GYROSCOPE,33.4080000,-0.0000000,-0.0000000,0.0000000
MsgID.LOCAL_POSITION,33.4120000,-0.0241626,0.0095823,-0.0825171
MsgID.LOCAL_VELOCITY,33.4120000,0.0000000,0.0000000,-0.0000000
MsgID.GLOBAL_POSITION,0.0000000,-122.3957515,37.7932817,0.0820000
MsgID.LOCAL_VELOCITY,0.0000000,0.0000000,0.0000000,0.0000000
MsgID.ATTITUDE,33.4330000,1.0000000,0.0000001,-0.0000003,-0.0000025,0.0000002,-0.0000005,-0.0000050
MsgID.RAW_GYROSCOPE,33.4330000,-0.0000000,-0.0000000,0.0000000
MsgID.LOCAL_POSITION,33.4370000,-0.0022442,0.0095823,-0.0825061
MsgID.LOCAL_VELOCITY,33.4370000,0.0000000,0.0000000,-0.0000000
MsgID.GLOBAL_POSITION,0.0000000,-122.3957515,37.7932818,0.0820000
MsgID.LOCAL_VELOCITY,0.0000000,0.0000000,0.0000000,0.0000000
MsgID.ATTITUDE,33.4580000,1.0000000,0.0000001,-0.0000003,-0.0000025,0.0000002,-0.0000005,-0.0000050
MsgID.RAW_GYROSCOPE,33.4580000,-0.0000000,-0.0000000,0.0000000
MsgID.LOCAL_POSITION,33.4620000,0.0108460,0.0095823,-0.0825030
MsgID.LOCAL_VELOCITY,33.4620000,0.0000000,0.0000000,-0.0000000
MsgID.GLOBAL_POSITION,0.0000000,-122.3957515,37.7932820,0.0820000
MsgID.LOCAL_VELOCITY,0.0000000,0.0000000,0.0000000,0.0000000
MsgID.ATTITUDE,33.4840000,1.0000000,0.0000001,-0.0000003,-0.0000025,0.0000002,-0.0000005,-0.0000050
MsgID.RAW_GYROSCOPE,33.4840000,-0.0000000,-0.0000000,0.0000000
MsgID.LOCAL_POSITION,33.4870000,0.0346788,0.0095719,-0.0825005
MsgID.LOCAL_VELOCITY,33.4870000,0.0000000,0.0000000,-0.0000000
MsgID.GLOBAL_POSITION,0.0000000,-122.3957515,37.7932821,0.0820000
MsgID.LOCAL_VELOCITY,0.0000000,0.0000000,0.0000000,0.0000000
MsgID.ATTITUDE,33.5090000,1.0000000,0.0000001,-0.0000003,-0.0000025,0.0000002,-0.0000005,-0.0000050
MsgID.RAW_GYROSCOPE,33.5090000,-0.0000000,-0.0000000,0.0000000
MsgID.LOCAL_POSITION,33.5120000,0.0513391,0.0095202,-0.0825000
MsgID.LOCAL_VELOCITY,33.5120000,0.0000000,0.0000000,-0.0000000
MsgID.GLOBAL_POSITION,0.0000000,-122.3957515,37.7932823,0.0820000
MsgID.LOCAL_VELOCITY,0.0000000,0.0000000,0.0000000,0.0000000
MsgID.ATTITUDE,33.5340000,1.0000000,0.0000001,-0.0000003,-0.0000025,0.0000002,-0.0000005,-0.0000050
MsgID.RAW_GYROSCOPE,33.5340000,-0.0000000,-0.0000000,0.0000000
MsgID.LOCAL_POSITION,33.5370000,0.0720157,0.0091373,-0.0824999
MsgID.LOCAL_VELOCITY,33.5370000,0.0000000,0.0000000,-0.0000000
MsgID.GLOBAL_POSITION,0.0000000,-122.3957515,37.7932824,0.0820000
MsgID.LOCAL_VELOCITY,0.0000000,0.0000000,0.0000000,0.0000000
MsgID.ATTITUDE,33.5590000,1.0000000,0.0000001,-0.0000003,-0.0000025,0.0000002,-0.0000005,-0.0000050
MsgID.RAW_GYROSCOPE,33.5590000,-0.0000000,-0.0000000,0.0000000
MsgID.LOCAL_POSITION,33.5620000,0.0863801,0.0084129,-0.0824999
MsgID.LOCAL_VELOCITY,33.5620000,0.0000000,0.0000000,-0.0000000
MsgID.GLOBAL_POSITION,0.0000000,-122.3957515,37.7932826,0.0820000
MsgID.LOCAL_VELOCITY,0.0000000,0.0000000,0.0000000,0.0000000
MsgID.ATTITUDE,33.5840000,1.0000000,0.0000001,-0.0000003,-0.0000025,0.0000002,-0.0000005,-0.0000050
MsgID.RAW_GYROSCOPE,33.5840000,-0.0000000,-0.0000000,0.0000000
MsgID.LOCAL_POSITION,33.5870000,0.1028140,0.0065710,-0.0824999
MsgID.LOCAL_VELOCITY,33.5870000,0.0000000,0.0000000,-0.0000000
MsgID.GLOBAL_POSITION,0.0000000,-122.3957515,37.7932827,0.0820000
MsgID.LOCAL_VELOCITY,0.0000000,0.0000000,0.0000000,0.0000000
MsgID.ATTITUDE,33.6090000,1.0000000,0.0000001,-0.0000003,-0.0000025,0.0000002,-0.0000005,-0.0000050
MsgID.RAW_GYROSCOPE,33.6090000,-0.0000000,-0.0000000,0.0000000
MsgID.LOCAL_POSITION,33.6120000,0.1123665,0.0045428,-0.0824999
MsgID.LOCAL_VELOCITY,33.6120000,0.0000000,0.0000000,-0.0000000
MsgID.GLOBAL_POSITION,0.0000000,-122.3957516,37.7932828,0.0820000
MsgID.LOCAL_VELOCITY,0.0000000,0.0000000,0.0000000,0.0000000
MsgID.ATTITUDE,33.6340000,1.0000000,0.0000001,-0.0000003,-0.0000025,0.0000002,-0.0000005,-0.0000050
MsgID.RAW_GYROSCOPE,33.6340000,-0.0000000,-0.0000000,0.0000000
MsgID.LOCAL_POSITION,33.6370000,0.1235424,-0.0000517,-0.0824999
MsgID.LOCAL_VELOCITY,33.6370000,0.0000000,0.0000000,-0.0000000
MsgID.GLOBAL_POSITION,0.0000000,-122.3957516,37.7932828,0.0820000
MsgID.LOCAL_VELOCITY,0.0000000,0.0000000,0.0000000,0.0000000
MsgID.ATTITUDE,33.6590000,1.0000000,0.0000001,-0.0000003,-0.0000025,0.0000002,-0.0000005,-0.0000050
MsgID.RAW_GYROSCOPE,33.6590000,-0.0000000,-0.0000000,0.0000000
MsgID.LOCAL_POSITION,33.6620000,0.1281473,-0.0042737,-0.0824999
MsgID.LOCAL_VELOCITY,33.6620000,0.0000000,0.0000000,-0.0000000
MsgID.GLOBAL_POSITION,0.0000000,-122.3957517,37.7932829,0.0820000
MsgID.LOCAL_VELOCITY,0.0000000,0.0000000,0.0000000,0.0000000
MsgID.ATTITUDE,33.6840000,1.0000000,0.0000001,-0.0000003,-0.0000025,0.0000002,-0.0000005,-0.0000050
MsgID.RAW_GYROSCOPE,33.6840000,-0.0000000,-0.0000000,0.0000000
MsgID.LOCAL_POSITION,33.6870000,0.1299000,-0.0115794,-0.0824999
MsgID.LOCAL_VELOCITY,33.6870000,0.0000000,0.0000000,-0.0000000
MsgID.GLOBAL_POSITION,0.0000000,-122.3957518,37.7932829,0.0820000
MsgID.LOCAL_VELOCITY,0.0000000,0.0000000,0.0000000,0.0000000
MsgID.ATTITUDE,33.7090000,1.0000000,0.0000001,-0.0000003,-0.0000025,0.0000002,-0.0000005,-0.0000050
MsgID.RAW_GYROSCOPE,33.7090000,-0.0000000,-0.0000000,0.0000000
MsgID.LOCAL_POSITION,33.7120000,0.1270284,-0.0187092,-0.0824999
MsgID.LOCAL_VELOCITY,33.7120000,0.0000000,0.0000000,-0.0000000
MsgID.GLOBAL_POSITION,0.0000000,-122.3957519,37.7932828,0.0820000
MsgID.LOCAL_VELOCITY,0.0000000,0.0000000,0.0000000,0.0000000
MsgID.ATTITUDE,33.7340000,1.0000000,0.0000001,-0.0000003,-0.0000025,0.0000002,-0.0000005,-0.0000050
MsgID.RAW_GYROSCOPE,33.7340000,-0.0000000,-0.0000000,0.0000000
MsgID.LOCAL_POSITION,33.7380000,0.1199723,-0.0268945,-0.0824999
MsgID.LOCAL_VELOCITY,33.7380000,0.0000000,0.0000000,-0.0000000
MsgID.GLOBAL_POSITION,0.0000000,-122.3957519,37.7932827,0.0820000
MsgID.LOCAL_VELOCITY,0.0000000,0.0000000,0.0000000,0.0000000
MsgID.ATTITUDE,33.7590000,1.0000000,0.0000001,-0.0000003,-0.0000025,0.0000002,-0.0000005,-0.0000050
MsgID.RAW_GYROSCOPE,33.7590000,-0.0000000,-0.0000000,0.0000000
MsgID.LOCAL_POSITION,33.7630000,0.1115193,-0.0338277,-0.0824999
MsgID.LOCAL_VELOCITY,33.7630000,0.0000000,0.0000000,-0.0000000
MsgID.GLOBAL_POSITION,0.0000000,-122.3957521,37.7932826,0.0820000
MsgID.LOCAL_VELOCITY,0.0000000,0.0000000,0.0000000,0.0000000
MsgID.ATTITUDE,33.7850000,1.0000000,0.0000001,-0.0000003,-0.0000025,0.0000002,-0.0000005,-0.0000050
MsgID.RAW_GYROSCOPE,33.7850000,-0.0000000,-0.0000000,0.0000000
MsgID.LOCAL_POSITION,33.7880000,0.0959520,-0.0437618,-0.0824999
MsgID.LOCAL_VELOCITY,33.7880000,0.0000000,0.0000000,-0.0000000
MsgID.GLOBAL_POSITION,0.0000000,-122.3957521,37.7932825,0.0820000
MsgID.LOCAL_VELOCITY,0.0000000,0.0000000,0.0000000,0.0000000
MsgID.ATTITUDE,33.8100000,1.0000000,0.0000001,-0.0000003,-0.0000025,0.0000002,-0.0000005,-0.0000050
MsgID.RAW_GYROSCOPE,33.8100000,-0.0000000,-0.0000000,0.0000000
MsgID.LOCAL_POSITION,33.8130000,0.0805981,-0.0517194,-0.0824999
MsgID.LOCAL_VELOCITY,33.8130000,0.0000000,0.0000000,-0.0000000
MsgID.GLOBAL_POSITION,0.0000000,-122.3957523,37.7932823,0.0820000
MsgID.LOCAL_VELOCITY,0.0000000,0.0000000,0.0000000,0.0000000
MsgID.ATTITUDE,33.8350000,1.0000000,0.0000001,-0.0000003,-0.0000025,0.0000002,-0.0000005,-0.0000050
MsgID.RAW_GYROSCOPE,33.8350000,-0.0000000,-0.0000000,0.0000000
MsgID.LOCAL_POSITION,33.8380000,0.0624309,-0.0611154,-0.0824999
MsgID.LOCAL_VELOCITY,33.8380000,0.0000000,0.0000000,-0.0000000
MsgID.GLOBAL_POSITION,0.0000000,-122.3957523,37.7932822,0.0820000
MsgID.LOCAL_VELOCITY,0.0000000,0.0000000,0.0000000,0.0000000
MsgID.ATTITUDE,33.8600000,1.0000000,0.0000001,-0.0000003,-0.0000025,0.0000002,-0.0000005,-0.0000050
MsgID.RAW_GYROSCOPE,33.8600000,-0.0000000,-0.0000000,0.0000000
MsgID.LOCAL_POSITION,33.8630000,0.0451562,-0.0699836,-0.0824999
MsgID.LOCAL_VELOCITY,33.8630000,0.0000000,0.0000000,-0.0000000
MsgID.GLOBAL_POSITION,0.0000000,-122.3957525,37.7932819,0.0820000
MsgID.LOCAL_VELOCITY,0.0000000,0.0000000,0.0000000,0.0000000
MsgID.ATTITUDE,33.8850000,1.0000000,0.0000001,-0.0000003,-0.0000025,0.0000002,-0.0000005,-0.0000050
MsgID.RAW_GYROSCOPE,33.8850000,-0.0000000,-0.0000000,0.0000000
MsgID.LOCAL_POSITION,33.8880000,0.0267238,-0.0805800,-0.0824999
MsgID.LOCAL_VELOCITY,33.8880000,0.0000000,0.0000000,-0.0000000
MsgID.GLOBAL_POSITION,0.0000000,-122.3957526,37.7932818,0.0820000
MsgID.LOCAL_VELOCITY,0.0000000,0.0000000,0.0000000,0.0000000
MsgID.ATTITUDE,33.9100000,1.0000000,0.0000001,-0.0000003,-0.0000025,0.0000002,-0.0000005,-0.0000050
MsgID.RAW_GYROSCOPE,33.9100000,-0.0000000,-0.0000000,0.0000000
MsgID.LOCAL_POSITION,33.9130000,0.0084530,-0.0937841,-0.0824999
MsgID.LOCAL_VELOCITY,33.9130000,0.0000000,0.0000000,-0.0000000
MsgID.GLOBAL_POSITION,0.0000000,-122.3957527,37.7932817,0.0820000
MsgID.LOCAL_VELOCITY,0.0000000,0.0000000,0.0000000,0.0000000
MsgID.ATTITUDE,33.9350000,1.0000000,0.0000001,-0.0000003,-0.0000025,0.0000002,-0.0000005,-0.0000050
MsgID.RAW_GYROSCOPE,33.9350000,-0.0000000,-0.0000000,0.0000000
MsgID.LOCAL_POSITION,33.9380000,-0.0012482,-0.1032422,-0.0824999
MsgID.LOCAL_VELOCITY,33.9380000,0.0000000,0.0000000,-0.0000000
MsgID.GLOBAL_POSITION,0.0000000,-122.3957528,37.7932816,0.0820000
MsgID.LOCAL_VELOCITY,0.0000000,0.0000000,0.0000000,0.0000000
MsgID.ATTITUDE,33.9600000,1.0000000,0.0000001,-0.0000003,-0.0000025,0.0000002,-0.0000005,-0.0000050
MsgID.RAW_GYROSCOPE,33.9600000,-0.0000000,-0.0000000,0.0000000
MsgID.LOCAL_POSITION,33.9630000,-0.0103286,-0.1168498,-0.0824999
MsgID.LOCAL_VELOCITY,33.9630000,0.0000000,0.0000000,-0.0000000
MsgID.GLOBAL_POSITION,0.0000000,-122.3957529,37.7932816,0.0820000
MsgID.LOCAL_VELOCITY,0.0000000,0.0000000,0.0000000,0.0000000
MsgID.ATTITUDE,33.9850000,1.0000000,0.0000001,-0.0000003,-0.0000025,0.0000002,-0.0000005,-0.0000050
MsgID.RAW_GYROSCOPE,33.9850000,-0.0000000,-0.0000000,0.0000000
MsgID.LOCAL_POSITION,33.9880000,-0.0115639,-0.1198714,-0.0824999
MsgID.LOCAL_VELOCITY,33.9880000,0.0000000,0.0000000,-0.0000000
MsgID.GLOBAL_POSITION,0.0000000,-122.3957530,37.7932816,0.0820000
MsgID.LOCAL_VELOCITY,0.0000000,0.0000000,0.0000000,0.0000000
MsgID.ATTITUDE,34.0100000,1.0000000,0.0000001,-0.0000003,-0.0000025,0.0000002,-0.0000005,-0.0000050
MsgID.RAW_GYROSCOPE,34.0100000,-0.0000000,-0.0000000,0.0000000
MsgID.LOCAL_POSITION,34.0130000,0.0079482,-0.1017996,-0.0825000
MsgID.LOCAL_VELOCITY,34.0130000,-0.0000014,-0.0000039,0.0000035
MsgID.GLOBAL_POSITION,0.0000000,-122.3957533,37.7932816,0.0820000
MsgID.LOCAL_VELOCITY,0.0000000,0.0000000,0.0000000,0.0000000
MsgID.ATTITUDE,34.0360000,1.0000000,-0.0000000,-0.0000002,-0.0000024,-0.0000000,-0.0000003,-0.0000049
MsgID.RAW_GYROSCOPE,34.0360000,-0.0000394,-0.0000489,0.0000237
MsgID.LOCAL_POSITION,34.0380000,0.0154375,-0.1221231,-0.0825000
MsgID.LOCAL_VELOCITY,34.0380000,-0.0000030,0.0000096,0.0000142
MsgID.GLOBAL_POSITION,0.0000000,-122.3957534,37.7932817,0.0820000
MsgID.LOCAL_VELOCITY,0.0000000,0.0000000,0.0000000,0.0000000
MsgID.ATTITUDE,34.0610000,1.0000000,-0.0000000,-0.0000002,-0.0000026,-0.0000000,-0.0000004,-0.0000052
MsgID.RAW_GYROSCOPE,34.0610000,-0.0000410,-0.0000469,-0.0000140
MsgID.LOCAL_POSITION,34.0640000,0.0287671,-0.1336715,-0.0825000
MsgID.LOCAL_VELOCITY,34.0640000,0.0000100,-0.0000062,0.0000167
MsgID.GLOBAL_POSITION,0.0000000,-122.3957535,37.7932819,0.0820000
MsgID.LOCAL_VELOCITY,0.0000000,0.0000000,0.0000000,0.0000000
MsgID.ATTITUDE,34.0860000,1.0000000,-0.0000000,-0.0000001,-0.0000027,-0.0000000,-0.0000002,-0.0000053
MsgID.RAW_GYROSCOPE,34.0860000,-0.0000193,0.0000226,0.0000106
MsgID.LOCAL_POSITION,34.0890000,0.0403181,-0.1395491,-0.0825000
MsgID.LOCAL_VELOCITY,34.0890000,-0.0000067,0.0000038,0.0000049
MsgID.GLOBAL_POSITION,0.0000000,-122.3957535,37.7932820,0.0820000
MsgID.LOCAL_VELOCITY,0.0000000,0.0000000,0.0000000,0.0000000
MsgID.ATTITUDE,34.1110000,1.0000000,-0.0000000,-0.0000001,-0.0000026,-0.0000000,-0.0000002,-0.0000052
MsgID.RAW_GYROSCOPE,34.1110000,-0.0000018,-0.0000160,0.0000039
MsgID.LOCAL_POSITION,34.1140000,0.0626698,-0.1456959,-0.0825000
MsgID.LOCAL_VELOCITY,34.1140000,-0.0000053,-0.0000002,0.0000192
MsgID.GLOBAL_POSITION,0.0000000,-122.3957536,37.7932822,0.0820000
MsgID.LOCAL_VELOCITY,0.0000000,0.0000000,0.0000000,0.0000000
MsgID.ATTITUDE,34.1360000,1.0000000,0.0000000,-0.0000001,-0.0000024,0.0000000,-0.0000002,-0.0000049
MsgID.RAW_GYROSCOPE,34.1360000,-0.0000075,0.0000261,0.0000181
MsgID.LOCAL_POSITION,34.1390000,0.0762515,-0.1470204,-0.0825000
MsgID.LOCAL_VELOCITY,34.1390000,-0.0000086,0.0000090,0.0000076
MsgID.GLOBAL_POSITION,0.0000000,-122.3957536,37.7932823,0.0820000
MsgID.LOCAL_VELOCITY,0.0000000,0.0000000,0.0000000,0.0000000
MsgID.ATTITUDE,34.1610000,1.0000000,-0.0000000,-0.0000001,-0.0000025,-0.0000000,-0.0000003,-0.0000050
MsgID.RAW_GYROSCOPE,34.1610000,-0.0000199,0.0000038,-0.0000069
MsgID.LOCAL_POSITION,34.1640000,0.1010027,-0.1451060,-0.0825000
MsgID.LOCAL_VELOCITY,34.1640000,0.0000055,-0.0000076,0.0000063
MsgID.GLOBAL_POSITION,0.0000000,-122.3957535,37.7932825,0.0820000
MsgID.LOCAL_VELOCITY,0.0000000,0.0000000,0.0000000,0.0000000
MsgID.ATTITUDE,34.1860000,1.0000000,-0.0000000,-0.0000001,-0.0000026,-0.0000000,-0.0000002,-0.0000053
MsgID.RAW_GYROSCOPE,34.1860000,-0.0000248,0.0000201,-0.0000027
MsgID.LOCAL_POSITION,34.1890000,0.1128383,-0.1418878,-0.0825000
MsgID.LOCAL_VELOCITY,34.1890000,-0.0000012,-0.0000036,0.0000049
MsgID.GLOBAL_POSITION,0.0000000,-122.3957534,37.7932826,0.0820000
MsgID.LOCAL_VELOCITY,0.0000000,0.0000000,0.0000000,0.0000000
MsgID.ATTITUDE,34.2110000,1.0000000,-0.0000000,-0.0000001,-0.0000028,-0.0000000,-0.0000003,-0.0000055
MsgID.RAW_GYROSCOPE,34.2110000,-0.0000219,0.0000098,-0.0000120
MsgID.LOCAL_POSITION,34.2140000,0.1309279,-0.1324193,-0.0825000
MsgID.LOCAL_VELOCITY,34.2140000,-0.0000052,0.0000097,-0.0000084
MsgID.GLOBAL_POSITION,0.0000000,-122.3957533,37.7932828,0.0820000
MsgID.LOCAL_VELOCITY,0.0000000,0.0000000,0.0000000,0.0000000
MsgID.ATTITUDE,34.2360000,1.0000000,0.0000000,-0.0000002,-0.0000026,0.0000000,-0.0000003,-0.0000053
MsgID.RAW_GYROSCOPE,34.2360000,-0.0000359,0.0000109,0.0000069
MsgID.LOCAL_POSITION,34.2390000,0.1397948,-0.1237788,-0.0825000
MsgID.LOCAL_VELOCITY,34.2390000,0.0000004,0.0000016,-0.0000130
MsgID.GLOBAL_POSITION,0.0000000,-122.3957532,37.7932828,0.0820000
MsgID.LOCAL_VELOCITY,0.0000000,0.0000000,0.0000000,0.0000000
MsgID.ATTITUDE,34.2610000,1.0000000,-0.0000000,-0.0000002,-0.0000027,-0.0000000,-0.0000003,-0.0000054
MsgID.RAW_GYROSCOPE,34.2610000,-0.0000379,-0.0000390,0.0000018
MsgID.LOCAL_POSITION,34.2640000,0.1478857,-0.1061664,-0.0825000
MsgID.LOCAL_VELOCITY,34.2640000,-0.0000015,-0.0000015,0.0000043
MsgID.STATE,0.0000000,True,True,1
MsgID.GLOBAL_HOME,0.0000000,-122.3957519,37.7932815,0.0000000
MsgID.GLOBAL_POSITION,0.0000000,-122.3957530,37.7932828,0.0820000
MsgID.LOCAL_VELOCITY,0.0000000,0.0000000,0.0000000,0.0000000
MsgID.ATTITUDE,34.2860000,1.0000000,-0.0000000,-0.0000002,-0.0000027,-0.0000000,-0.0000004,-0.0000053
MsgID.RAW_GYROSCOPE,34.2860000,-0.0000583,-0.0000815,0.0000177
MsgID.LOCAL_POSITION,34.2890000,0.1486553,-0.0951251,-0.0825000
MsgID.LOCAL_VELOCITY,34.2890000,0.0000021,0.0000049,0.0000240
MsgID.GLOBAL_POSITION,0.0000000,-122.3957528,37.7932828,0.0820000
MsgID.LOCAL_VELOCITY,0.0000000,0.0000000,0.0000000,0.0000000
MsgID.ATTITUDE,34.3110000,1.0000000,-0.0000000,-0.0000002,-0.0000025,-0.0000000,-0.0000004,-0.0000050
MsgID.RAW_GYROSCOPE,34.3110000,-0.0000325,-0.0000357,0.0000281
MsgID.LOCAL_POSITION,34.3140000,0.1430480,-0.0720697,-0.0825000
MsgID.LOCAL_VELOCITY,34.3140000,-0.0000017,-0.0000035,0.0000068
MsgID.GLOBAL_POSITION,0.0000000,-122.3957526,37.7932827,0.0820000
MsgID.LOCAL_VELOCITY,0.0000000,0.0000000,0.0000000,0.0000000
MsgID.ATTITUDE,34.3360000,1.0000000,-0.0000000,-0.0000001,-0.0000024,-0.0000000,-0.0000003,-0.0000048
MsgID.RAW_GYROSCOPE,34.3360000,-0.0000090,0.0000279,0.0000145
MsgID.LOCAL_POSITION,34.3390000,0.1368909,-0.0597452,-0.0825000
MsgID.LOCAL_VELOCITY,34.3390000,-0.0000074,0.0000069,0.0000088
MsgID.GLOBAL_POSITION,0.0000000,-122.3957524,37.7932827,0.0820000
MsgID.LOCAL_VELOCITY,0.0000000,0.0000000,0.0000000,0.0000000
MsgID.ATTITUDE,34.3610000,1.0000000,-0.0000000,-0.0000001,-0.0000025,-0.0000000,-0.0000002,-0.0000051
MsgID.RAW_GYROSCOPE,34.3610000,-0.0000057,-0.0000195,-0.0000157
MsgID.LOCAL_POSITION,34.3640000,0.1179217,-0.0335337,-0.0825000
MsgID.LOCAL_VELOCITY,34.3640000,-0.0000024,0.0000017,-0.0000052
MsgID.GLOBAL_POSITION,0.0000000,-122.3957521,37.7932825,0.0820000
MsgID.LOCAL_VELOCITY,0.0000000,0.0000000,0.0000000,0.0000000
MsgID.ATTITUDE,34.3860000,1.0000000,-0.0000000,-0.0000001,-0.0000025,-0.0000000,-0.0000002,-0.0000049
MsgID.RAW_GYROSCOPE,34.3860000,-0.0000242,0.0000222,0.0000091
MsgID.LOCAL_POSITION,34.3900000,0.1061056,-0.0207228,-0.0825000
MsgID.LOCAL_VELOCITY,34.3900000,-0.0000072,0.0000023,0.0000041
MsgID.GLOBAL_POSITION,0.0000000,-122.3957520,37.7932823,0.0820000
MsgID.LOCAL_VELOCITY,0.0000000,0.0000000,0.0000000,0.0000000
MsgID.ATTITUDE,34.4120000,1.0000000,-0.0000000,-0.0000002,-0.0000024,-0.0000001,-0.0000004,-0.0000048
MsgID.RAW_GYROSCOPE,34.4120000,-0.0000626,-0.0000845,0.0000105
MsgID.LOCAL_POSITION,34.4150000,0.0785152,0.0041641,-0.0825005
MsgID.LOCAL_VELOCITY,34.4150000,-0.0000042,-0.0000052,0.0000008
MsgID.GLOBAL_POSITION,0.0000000,-122.3957517,37.7932821,0.0820000
MsgID.LOCAL_VELOCITY,0.0000000,0.0000000,0.0000000,0.0000000
MsgID.ATTITUDE,34.4370000,1.0000000,0.0000000,-0.0000002,-0.0000024,0.0000000,-0.0000003,-0.0000048
MsgID.RAW_GYROSCOPE,34.4370000,-0.0000305,0.0000106,0.0000109
MsgID.LOCAL_POSITION,34.4400000,0.0627215,0.0160540,-0.0825015
MsgID.LOCAL_VELOCITY,34.4400000,-0.0000007,0.0000041,-0.0000116
MsgID.GLOBAL_POSITION,0.0000000,-122.3957516,37.7932819,0.0820000
MsgID.LOCAL_VELOCITY,0.0000000,0.0000000,0.0000000,0.0000000
MsgID.ATTITUDE,34.4620000,1.0000000,-0.0000000,-0.0000002,-0.0000024,-0.0000001,-0.0000004,-0.0000048
MsgID.RAW_GYROSCOPE,34.4620000,-0.0000637,-0.0000905,0.0000132
MsgID.LOCAL_POSITION,34.4650000,0.0297113,0.0357256,-0.0825072
MsgID.LOCAL_VELOCITY,34.4650000,0.0000119,-0.0000070,0.0000279
MsgID.GLOBAL_POSITION,0.0000000,-122.3957514,37.7932816,0.0820000
MsgID.LOCAL_VELOCITY,0.0000000,0.0000000,0.0000000,0.0000000
MsgID.ATTITUDE,34.4870000,1.0000000,-0.0000000,-0.0000002,-0.0000026,-0.0000001,-0.0000004,-0.0000053
MsgID.RAW_GYROSCOPE,34.4870000,-0.0000739,-0.0001046,-0.0000052
MsgID.LOCAL_POSITION,34.4900000,0.0135749,0.0426588,-0.0825128
MsgID.LOCAL_VELOCITY,34.4900000,0.0000129,-0.0000083,0.0000289
MsgID.GLOBAL_POSITION,0.0000000,-122.3957514,37.7932815,0.0820000
MsgID.LOCAL_VELOCITY,0.0000000,0.0000000,0.0000000,0.0000000
MsgID.ATTITUDE,34.5120000,1.0000000,0.0000000,-0.0000001,-0.0000026,0.0000000,-0.0000003,-0.0000053
MsgID.RAW_GYROSCOPE,34.5120000,-0.0000014,0.0000292,0.0000035
MsgID.LOCAL_POSITION,34.5150000,-0.0201144,0.0506474,-0.0825347
MsgID.LOCAL_VELOCITY,34.5150000,0.0000123,0.0000015,0.0000579
MsgID.GLOBAL_POSITION,0.0000000,-122.3957513,37.7932812,0.0820000
MsgID.LOCAL_VELOCITY,0.0000000,0.0000000,0.0000000,0.0000000
MsgID.ATTITUDE,34.5370000,1.0000000,-0.0000000,-0.0000001,-0.0000028,-0.0000000,-0.0000002,-0.0000056
MsgID.RAW_GYROSCOPE,34.5370000,-0.0000066,-0.0000095,-0.0000193
MsgID.LOCAL_POSITION,34.5400000,-0.0356299,0.0508854,-0.0825519
MsgID.LOCAL_VELOCITY,34.5400000,0.0000022,-0.0000119,-0.0000029
MsgID.GLOBAL_POSITION,0.0000000,-122.3957514,37.7932810,0.0840000
MsgID.LOCAL_VELOCITY,0.0000000,0.0000000,0.0000000,-0.1500000
MsgID.ATTITUDE,34.5620000,1.0000000,0.0000398,-0.0000095,-0.0000276,0.0000797,-0.0000190,-0.0000552
MsgID.RAW_GYROSCOPE,34.5620000,0.0069305,-0.0009381,-0.0041814
MsgID.LOCAL_POSITION,34.5650000,-0.0637830,0.0440764,-0.0870527
MsgID.LOCAL_VELOCITY,34.5650000,0.0000196,0.0000285,-0.2692392
MsgID.GLOBAL_POSITION,0.0000000,-122.3957515,37.7932808,0.0930000
MsgID.LOCAL_VELOCITY,0.0000000,0.0000000,0.0000000,-0.4300000
MsgID.ATTITUDE,34.5870000,1.0000000,0.0001156,-0.0000136,-0.0000283,0.0002312,-0.0000272,-0.0000566
MsgID.RAW_GYROSCOPE,34.5870000,0.0025493,-0.0056249,0.0079527
MsgID.LOCAL_POSITION,34.5900000,-0.0763429,0.0370088,-0.0931340
MsgID.LOCAL_VELOCITY,34.5900000,0.0000206,0.0000955,-0.4375105
MsgID.GLOBAL_POSITION,0.0000000,-122.3957516,37.7932807,0.1020000
MsgID.LOCAL_VELOCITY,0.0000000,0.0000000,0.0000000,-0.5800000
MsgID.ATTITUDE,34.6120000,1.0000000,0.0001856,-0.0000707,0.0000599,0.0003712,-0.0001415,0.0001198
MsgID.RAW_GYROSCOPE,34.6120000,0.0130079,-0.0069609,0.0110422
MsgID.LOCAL_POSITION,34.6150000,-0.0965215,0.0172440,-0.1128742
MsgID.LOCAL_VELOCITY,34.6150000,0.0001082,0.0003305,-0.7308612
MsgID.GLOBAL_POSITION,0.0000000,-122.3957518,37.7932806,0.1250000
MsgID.LOCAL_VELOCITY,0.0000000,0.0000000,0.0000000,-0.8800000
MsgID.ATTITUDE,34.6370000,0.9999998,0.0004869,-0.0002651,0.0001483,0.0009737,-0.0005303,0.0002963
MsgID.RAW_GYROSCOPE,34.6370000,0.0231472,-0.0163975,0.0026935
MsgID.LOCAL_POSITION,34.6400000,-0.1038880,0.0057267,-0.1258989
MsgID.LOCAL_VELOCITY,34.6400000,0.0002345,0.0005772,-0.8847111
MsgID.GLOBAL_POSITION,0.0000000,-122.3957520,37.7932805,0.1460000
MsgID.LOCAL_VELOCITY,0.0000000,0.0000000,0.0000000,-1.0800000
MsgID.ATTITUDE,34.6620000,0.9999996,0.0007846,-0.0004372,0.0001237,0.0015691,-0.0008746,0.0002468
MsgID.RAW_GYROSCOPE,34.6620000,0.0323583,-0.0164303,-0.0075167
MsgID.LOCAL_POSITION,34.6650000,-0.1146241,-0.0206297,-0.1611255
MsgID.LOCAL_VELOCITY,34.6650000,0.0007567,0.0015148,-1.2037220
MsgID.GLOBAL_POSITION,0.0000000,-122.3957523,37.7932804,0.1820000
MsgID.LOCAL_VELOCITY,0.0000000,0.0000000,0.0000000,-1.3400000
MsgID.ATTITUDE,34.6870000,0.9999990,0.0012556,-0.0006947,-0.0001267,0.0025114,-0.0013890,-0.0002551
MsgID.RAW_GYROSCOPE,34.6870000,0.0292233,-0.0190682,-0.0275720
MsgID.LOCAL_POSITION,34.6900000,-0.1177803,-0.0341960,-0.1829210
MsgID.LOCAL_VELOCITY,34.6900000,0.0011350,0.0022048,-1.3427169
MsgID.GLOBAL_POSITION,0.0000000,-122.3957525,37.7932804,0.2160000
MsgID.LOCAL_VELOCITY,0.0000000,0.0000000,0.0000000,-1.5300000
MsgID.ATTITUDE,34.7120000,0.9999982,0.0015943,-0.0009290,-0.0004630,0.0031894,-0.0018566,-0.0009289
MsgID.RAW_GYROSCOPE,34.7120000,0.0211585,-0.0190256,-0.0273555
MsgID.LOCAL_POSITION,34.7150000,-0.1201086,-0.0582241,-0.2311629
MsgID.LOCAL_VELOCITY,34.7150000,0.0021442,0.0039611,-1.6147240
MsgID.GLOBAL_POSITION,0.0000000,-122.3957527,37.7932804,0.2610000
MsgID.LOCAL_VELOCITY,0.0000000,0.0000000,0.0000000,-1.7800000
MsgID.ATTITUDE,34.7370000,0.9999976,0.0017091,-0.0011455,-0.0007967,0.0034200,-0.0022882,-0.0015974
MsgID.RAW_GYROSCOPE,34.7370000,-0.0033264,-0.0133748,-0.0233087
MsgID.LOCAL_POSITION,34.7400000,-0.1196882,-0.0691826,-0.2610808
MsgID.LOCAL_VELOCITY,34.7400000,0.0028772,0.0051129,-1.7808834
MsgID.GLOBAL_POSITION,0.0000000,-122.3957528,37.7932804,0.2960000
MsgID.LOCAL_VELOCITY,0.0000000,0.0000000,0.0000000,-1.9300000
MsgID.ATTITUDE,34.7620000,0.9999973,0.0016447,-0.0012698,-0.0010847,0.0032922,-0.0025359,-0.0021737
MsgID.RAW_GYROSCOPE,34.7620000,-0.0071741,-0.0124561,-0.0309131
MsgID.LOCAL_POSITION,34.7650000,-0.1165773,-0.0843735,-0.3256555
MsgID.LOCAL_VELOCITY,34.7650000,0.0043840,0.0070978,-2.0502064
MsgID.GLOBAL_POSITION,0.0000000,-122.3957529,37.7932805,0.3590000
MsgID.LOCAL_VELOCITY,0.0000000,0.0000000,0.0000000,-2.1900000
MsgID.ATTITUDE,34.7870000,0.9999967,0.0015713,-0.0014748,-0.0014395,0.0031468,-0.0029451,-0.0028837
MsgID.RAW_GYROSCOPE,34.7870000,-0.0092944,-0.0138041,-0.0217312
MsgID.LOCAL_POSITION,34.7900000,-0.1144172,-0.0884092,-0.3598951
MsgID.LOCAL_VELOCITY,34.7900000,0.0052568,0.0080714,-2.1990423
MsgID.GLOBAL_POSITION,0.0000000,-122.3957529,37.7932805,0.4180000
MsgID.LOCAL_VELOCITY,0.0000000,0.0000000,0.0000000,-2.4200000
MsgID.ATTITUDE,34.8130000,0.9999961,0.0014486,-0.0016810,-0.0016924,0.0029028,-0.0033572,-0.0033897
MsgID.RAW_GYROSCOPE,34.8130000,-0.0066980,-0.0183361,-0.0169303
MsgID.LOCAL_POSITION,34.8150000,-0.1095407,-0.0892785,-0.4392178
MsgID.LOCAL_VELOCITY,34.8150000,0.0072639,0.0099115,-2.4928541
MsgID.GLOBAL_POSITION,0.0000000,-122.3957529,37.7932805,0.4830000
MsgID.LOCAL_VELOCITY,0.0000000,0.0000000,0.0100000,-2.6200000
MsgID.ATTITUDE,34.8380000,0.9999954,0.0014046,-0.0018943,-0.0019297,0.0028166,-0.0037832,-0.0038648
MsgID.RAW_GYROSCOPE,34.8380000,-0.0028979,-0.0132811,-0.0263138
MsgID.LOCAL_POSITION,34.8400000,-0.1071412,-0.0857084,-0.4830748
MsgID.LOCAL_VELOCITY,34.8400000,0.0083726,0.0107506,-2.6273828
MsgID.GLOBAL_POSITION,0.0000000,-122.3957528,37.7932806,0.5420000
MsgID.LOCAL_VELOCITY,0.0000000,0.0000000,0.0100000,-2.8100000
MsgID.ATTITUDE,34.8630000,0.9999947,0.0014613,-0.0019711,-0.0021543,0.0029311,-0.0039360,-0.0043143
MsgID.RAW_GYROSCOPE,34.8630000,0.0073320,-0.0026903,-0.0151288
MsgID.LOCAL_POSITION,34.8650000,-0.1037005,-0.0712108,-0.5767813
MsgID.LOCAL_VELOCITY,34.8650000,0.0108234,0.0125076,-2.9221485
MsgID.GLOBAL_POSITION,0.0000000,-122.3957526,37.7932806,0.6260000
MsgID.LOCAL_VELOCITY,0.0000000,0.0100000,0.0100000,-3.0600000
MsgID.ATTITUDE,34.8880000,0.9999944,0.0014757,-0.0019839,-0.0022639,0.0029604,-0.0039611,-0.0045338
MsgID.RAW_GYROSCOPE,34.8880000,-0.0027463,0.0014915,0.0053549
MsgID.LOCAL_POSITION,34.8900000,-0.1030343,-0.0608007,-0.6265778
MsgID.LOCAL_VELOCITY,34.8900000,0.0120341,0.0133887,-3.0641441
MsgID.GLOBAL_POSITION,0.0000000,-122.3957524,37.7932806,0.6990000
MsgID.LOCAL_VELOCITY,0.0000000,0.0100000,0.0100000,-3.2400000
MsgID.ATTITUDE,34.9130000,0.9999945,0.0014536,-0.0019823,-0.0022326,0.0029162,-0.0039580,-0.0044709
MsgID.RAW_GYROSCOPE,34.9130000,-0.0019126,0.0007367,0.0018258
MsgID.LOCAL_POSITION,34.9160000,-0.1043214,-0.0343512,-0.7345967
MsgID.LOCAL_VELOCITY,34.9160000,0.0144237,0.0151027,-3.3389285
MsgID.GLOBAL_POSITION,0.0000000,-122.3957521,37.7932805,0.7910000
MsgID.LOCAL_VELOCITY,0.0000000,0.0100000,0.0100000,-3.4400000
MsgID.ATTITUDE,34.9380000,0.9999947,0.0014294,-0.0019178,-0.0022010,0.0028672,-0.0038292,-0.0044075
MsgID.RAW_GYROSCOPE,34.9380000,0.0003207,0.0095327,0.0002433
MsgID.LOCAL_POSITION,34.9410000,-0.1063716,-0.0188292,-0.7910873
MsgID.LOCAL_VELOCITY,34.9410000,0.0154743,0.0158525,-3.4478202
MsgID.GLOBAL_POSITION,0.0000000,-122.3957519,37.7932805,0.8690000
MsgID.LOCAL_VELOCITY,0.0000000,0.0100000,0.0100000,-3.5800000
MsgID.ATTITUDE,34.9630000,0.9999951,0.0013717,-0.0017344,-0.0022054,0.0027510,-0.0034627,-0.0044155
MsgID.RAW_GYROSCOPE,34.9630000,-0.0151590,0.0190528,0.0006464
MsgID.LOCAL_POSITION,34.9660000,-0.1133500,0.0157125,-0.9110682
MsgID.LOCAL_VELOCITY,34.9660000,0.0173520,0.0172656,-3.6503179
MsgID.GLOBAL_POSITION,0.0000000,-122.3957515,37.7932804,0.9740000
MsgID.LOCAL_VELOCITY,0.0000000,0.0100000,0.0100000,-3.7400000
MsgID.ATTITUDE,34.9880000,0.9999960,0.0009534,-0.0014721,-0.0022010,0.0019132,-0.0029400,-0.0044049
MsgID.RAW_GYROSCOPE,34.9880000,-0.0416344,0.0196022,-0.0047251
MsgID.LOCAL_POSITION,34.9910000,-0.1181683,0.0340803,-0.9745111
MsgID.LOCAL_VELOCITY,34.9910000,0.0181332,0.0178033,-3.7423480
MsgID.GLOBAL_POSITION,0.0000000,-122.3957513,37.7932804,1.0500000
MsgID.LOCAL_VELOCITY,0.0000000,0.0100000,0.0100000,-3.8200000
MsgID.ATTITUDE,35.0130000,0.9999966,0.0005280,-0.0012297,-0.0022255,0.0010615,-0.0024571,-0.0044523
MsgID.RAW_GYROSCOPE,35.0130000,-0.0402753,0.0251244,0.0019367
MsgID.LOCAL_POSITION,35.0160000,-0.1292148,0.0698016,-1.1016126
MsgID.LOCAL_VELOCITY,35.0160000,0.0192653,0.0182682,-3.8887501
MsgID.GLOBAL_POSITION,0.0000000,-122.3957509,37.7932803,1.1660000
MsgID.LOCAL_VELOCITY,0.0000000,0.0100000,0.0100000,-3.9400000
MsgID.ATTITUDE,35.0380000,0.9999973,-0.0000216,-0.0008956,-0.0021308,-0.0000394,-0.0017912,-0.0042616
MsgID.RAW_GYROSCOPE,35.0380000,-0.0383754,0.0235289,0.0016543
MsgID.LOCAL_POSITION,35.0410000,-0.1351585,0.0870828,-1.1669297
MsgID.LOCAL_VELOCITY,35.0410000,0.0196513,0.0182572,-3.9453313
MsgID.GLOBAL_POSITION,0.0000000,-122.3957507,37.7932802,1.2550000
MsgID.LOCAL_VELOCITY,0.0000000,0.0200000,0.0100000,-4.0500000
MsgID.ATTITUDE,35.0630000,0.9999974,-0.0005149,-0.0006460,-0.0021380,-0.0010270,-0.0012941,-0.0042754
MsgID.RAW_GYROSCOPE,35.0630000,-0.0465375,0.0202532,-0.0023068
MsgID.LOCAL_POSITION,35.0660000,-0.1468064,0.1194307,-1.3032724
MsgID.LOCAL_VELOCITY,35.0660000,0.0202235,0.0177235,-4.0991321
MsgID.GLOBAL_POSITION,0.0000000,-122.3957504,37.7932801,1.3720000
MsgID.LOCAL_VELOCITY,0.0000000,0.0200000,0.0100000,-4.1500000
MsgID.ATTITUDE,35.0880000,0.9999968,-0.0011543,-0.0003851,-0.0022143,-0.0023068,-0.0007754,-0.0044278
MsgID.RAW_GYROSCOPE,35.0880000,-0.0459415,0.0175158,-0.0110242
MsgID.LOCAL_POSITION,35.0910000,-0.1518058,0.1334937,-1.3721434
MsgID.LOCAL_VELOCITY,35.0910000,0.0203542,0.0172069,-4.1527119
MsgID.GLOBAL_POSITION,0.0000000,-122.3957502,37.7932801,1.4690000
MsgID.LOCAL_VELOCITY,0.0000000,0.0200000,0.0100000,-4.2000000
MsgID.ATTITUDE,35.1130000,0.9999956,-0.0017819,-0.0002441,-0.0023099,-0.0035628,-0.0004964,-0.0046190
MsgID.RAW_GYROSCOPE,35.1130000,-0.0490943,0.0071872,-0.0086327
MsgID.LOCAL_POSITION,35.1160000,-0.1593599,0.1573252,-1.5143254
MsgID.LOCAL_VELOCITY,35.1160000,0.0204366,0.0156533,-4.2399144
MsgID.GLOBAL_POSITION,0.0000000,-122.3957500,37.7932801,1.5850000
MsgID.LOCAL_VELOCITY,0.0000000,0.0200000,0.0100000,-4.2900000
MsgID.ATTITUDE,35.1380000,0.9999944,-0.0022828,-0.0001556,-0.0024521,-0.0045649,-0.0003225,-0.0049034
MsgID.RAW_GYROSCOPE,35.1380000,-0.0302548,0.0081345,-0.0096856
MsgID.LOCAL_POSITION,35.1410000,-0.1615653,0.1662555,-1.5856428
MsgID.LOCAL_VELOCITY,35.1410000,0.0204380,0.0145871,-4.2953992
MsgID.GLOBAL_POSITION,0.0000000,-122.3957499,37.7932800,1.6810000
MsgID.LOCAL_VELOCITY,0.0000000,0.0200000,0.0100000,-4.3300000
MsgID.ATTITUDE,35.1640000,0.9999931,-0.0026988,-0.0000448,-0.0025384,-0.0053973,-0.0001033,-0.0050765
MsgID.RAW_GYROSCOPE,35.1640000,-0.0290940,0.0094251,-0.0056517
MsgID.LOCAL_POSITION,35.1660000,-0.1628006,0.1789422,-1.7325695
MsgID.LOCAL_VELOCITY,35.1660000,0.0203343,0.0122503,-4.3662190
MsgID.GLOBAL_POSITION,0.0000000,-122.3957498,37.7932800,1.8050000
MsgID.LOCAL_VELOCITY,0.0000000,0.0200000,0.0100000,-4.4000000
MsgID.ATTITUDE,35.1890000,0.9999922,-0.0029600,0.0000498,-0.0025962,-0.0059202,0.0000843,-0.0051926
MsgID.RAW_GYROSCOPE,35.1890000,-0.0155319,0.0031229,-0.0023516
MsgID.LOCAL_POSITION,35.1910000,-0.1617787,0.1827606,-1.8059467
MsgID.LOCAL_VELOCITY,35.1910000,0.0202358,0.0109398,-4.4051819
MsgID.GLOBAL_POSITION,0.0000000,-122.3957498,37.7932801,1.9220000
MsgID.LOCAL_VELOCITY,0.0000000,0.0200000,0.0000000,-4.4600000
MsgID.ATTITUDE,35.2140000,0.9999918,-0.0031299,0.0000323,-0.0025797,-0.0062599,0.0000485,-0.0051596
MsgID.RAW_GYROSCOPE,35.2140000,-0.0124938,-0.0071448,-0.0017057
MsgID.LOCAL_POSITION,35.2170000,-0.1563525,0.1858339,-1.9570016
MsgID.LOCAL_VELOCITY,35.2170000,0.0200165,0.0081934,-4.4754162
MsgID.GLOBAL_POSITION,0.0000000,-122.3957498,37.7932801,2.0320000
MsgID.LOCAL_VELOCITY,0.0000000,0.0100000,0.0000000,-4.4900000
MsgID.ATTITUDE,35.2390000,0.9999914,-0.0032317,-0.0000875,-0.0025966,-0.0064630,-0.0001919,-0.0051926
MsgID.RAW_GYROSCOPE,35.2390000,-0.0043573,-0.0157128,0.0011570
MsgID.LOCAL_POSITION,35.2420000,-0.1520387,0.1851924,-2.0321565
MsgID.LOCAL_VELOCITY,35.2420000,0.0199428,0.0068636,-4.4979944
MsgID.GLOBAL_POSITION,0.0000000,-122.3957499,37.7932802,2.1810000
MsgID.LOCAL_VELOCITY,0.0000000,0.0100000,0.0000000,-4.5500000
MsgID.ATTITUDE,35.2640000,0.9999909,-0.0034057,-0.0002828,-0.0025347,-0.0068100,-0.0005828,-0.0050675
MsgID.RAW_GYROSCOPE,35.2640000,-0.0021086,-0.0069514,0.0031247
MsgID.STATE,0.0000000,True,True,1
MsgID.LOCAL_POSITION,35.2670000,-0.1404295,0.1801529,-2.1816828
MsgID.LOCAL_VELOCITY,35.2670000,0.0199338,0.0040882,-4.5539680
MsgID.GLOBAL_HOME,0.0000000,-122.3957519,37.7932815,0.0000000
MsgID.GLOBAL_POSITION,0.0000000,-122.3957499,37.7932803,2.2600000
MsgID.LOCAL_VELOCITY,0.0000000,0.0100000,0.0000000,-4.5700000
MsgID.ATTITUDE,35.2890000,0.9999911,-0.0034119,-0.0003564,-0.0024625,-0.0068220,-0.0007297,-0.0049226
MsgID.RAW_GYROSCOPE,35.2890000,0.0001578,-0.0106215,0.0138583
MsgID.LOCAL_POSITION,35.2920000,-0.1327849,0.1756825,-2.2605588
MsgID.LOCAL_VELOCITY,35.2920000,0.0199769,0.0026541,-4.5759406
MsgID.GLOBAL_POSITION,0.0000000,-122.3957501,37.7932805,2.4140000
MsgID.LOCAL_VELOCITY,0.0000000,0.0200000,0.0000000,-4.6100000
MsgID.ATTITUDE,35.3140000,0.9999923,-0.0032687,-0.0005737,-0.0021098,-0.0065349,-0.0011612,-0.0042158
MsgID.RAW_GYROSCOPE,35.3140000,0.0148858,-0.0165552,0.0269169
MsgID.LOCAL_POSITION,35.3170000,-0.1150962,0.1639168,-2.4148991
MsgID.LOCAL_VELOCITY,35.3170000,0.0201645,-0.0000279,-4.6112723
MsgID.GLOBAL_POSITION,0.0000000,-122.3957501,37.7932806,2.4940000
MsgID.LOCAL_VELOCITY,0.0000000,0.0200000,0.0000000,-4.6100000
MsgID.ATTITUDE,35.3390000,0.9999931,-0.0031339,-0.0006686,-0.0018815,-0.0062654,-0.0013490,-0.0037588
MsgID.RAW_GYROSCOPE,35.3390000,0.0167381,-0.0057745,0.0265626
MsgID.LOCAL_POSITION,35.3420000,-0.1046577,0.1564766,-2.4947240
MsgID.LOCAL_VELOCITY,35.3420000,0.0203176,-0.0012592,-4.6173682
MsgID.GLOBAL_POSITION,0.0000000,-122.3957503,37.7932807,2.6350000
MsgID.LOCAL_VELOCITY,0.0000000,0.0200000,0.0000000,-4.5900000
MsgID.ATTITUDE,35.3640000,0.9999948,-0.0028371,-0.0006163,-0.0014521,-0.0056724,-0.0012408,-0.0029007
MsgID.RAW_GYROSCOPE,35.3640000,0.0173561,0.0121255,0.0230097
MsgID.LOCAL_POSITION,35.3670000,-0.0819502,0.1395783,-2.6522055
MsgID.LOCAL_VELOCITY,35.3670000,0.0205934,-0.0032627,-4.5874553
MsgID.GLOBAL_POSITION,0.0000000,-122.3957504,37.7932809,2.7330000
MsgID.LOCAL_VELOCITY,0.0000000,0.0200000,0.0000000,-4.4700000
MsgID.ATTITUDE,35.3890000,0.9999956,-0.0026404,-0.0004691,-0.0012902,-0.0052796,-0.0009450,-0.0025779
MsgID.RAW_GYROSCOPE,35.3890000,0.0258218,0.0191753,0.0119980
MsgID.LOCAL_POSITION,35.3920000,-0.0692675,0.1298098,-2.7330382
MsgID.LOCAL_VELOCITY,35.3920000,0.0205911,-0.0036906,-4.4766421
MsgID.GLOBAL_POSITION,0.0000000,-122.3957507,37.7932811,2.8690000
MsgID.LOCAL_VELOCITY,0.0000000,0.0200000,0.0000000,-4.1600000
MsgID.ATTITUDE,35.4140000,0.9999970,-0.0021337,-0.0001704,-0.0011921,-0.0042670,-0.0003458,-0.0023835
MsgID.RAW_GYROSCOPE,35.4140000,0.0295020,0.0209754,-0.0050503
MsgID.LOCAL_POSITION,35.4170000,-0.0448138,0.1101175,-2.8783805
MsgID.LOCAL_VELOCITY,35.4170000,0.0204419,-0.0037884,-4.1428022
MsgID.GLOBAL_POSITION,0.0000000,-122.3957508,37.7932812,2.9460000
MsgID.LOCAL_VELOCITY,0.0000000,0.0200000,0.0000000,-3.9600000
MsgID.ATTITUDE,35.4390000,0.9999975,-0.0018695,0.0000249,-0.0012492,-0.0037391,0.0000451,-0.0024986
MsgID.RAW_GYROSCOPE,35.4390000,0.0346222,0.0263105,-0.0082661
MsgID.LOCAL_POSITION,35.4420000,-0.0327713,0.0998109,-2.9467645
MsgID.LOCAL_VELOCITY,35.4420000,0.0203578,-0.0037728,-3.9642210
MsgID.GLOBAL_POSITION,0.0000000,-122.3957510,37.7932814,3.0650000
MsgID.LOCAL_VELOCITY,0.0000000,0.0200000,0.0000000,-3.6300000
MsgID.ATTITUDE,35.4640000,0.9999980,-0.0013597,0.0004397,-0.0013446,-0.0027207,0.0008756,-0.0026903
MsgID.RAW_GYROSCOPE,35.4640000,0.0295319,0.0289008,-0.0049128
MsgID.LOCAL_POSITION,35.4670000,-0.0100962,0.0785353,-3.0748160
MsgID.LOCAL_VELOCITY,35.4670000,0.0201905,-0.0037418,-3.6092739
MsgID.GLOBAL_POSITION,0.0000000,-122.3957510,37.7932814,3.0740000
MsgID.LOCAL_VELOCITY,0.0000000,0.0200000,0.0000000,-3.6000000
MsgID.ATTITUDE,35.4890000,0.9999980,-0.0013597,0.0004397,-0.0013446,-0.0027207,0.0008756,-0.0026903
MsgID.RAW_GYROSCOPE,35.4890000,0.0295319,0.0289008,-0.0049128
MsgID.LOCAL_POSITION,35.4920000,-0.0094494,0.0778731,-3.0785158
MsgID.LOCAL_VELOCITY,35.4920000,0.0201855,-0.0037409,-3.5985634
MsgID.GLOBAL_POSITION,0.0000000,-122.3957514,37.7932817,3.2380000
MsgID.LOCAL_VELOCITY,0.0000000,0.0100000,0.0000000,-3.1000000
MsgID.ATTITUDE,35.5140000,0.9999982,-0.0009711,0.0011096,-0.0012224,-0.0019450,0.0022168,-0.0024469
MsgID.RAW_GYROSCOPE,35.5140000,0.0078306,0.0300098,0.0132138
MsgID.LOCAL_POSITION,35.5170000,0.0167763,0.0465703,-3.2388852
MsgID.LOCAL_VELOCITY,35.5170000,0.0199522,-0.0036977,-3.1034780
MsgID.GLOBAL_POSITION,0.0000000,-122.3957515,37.7932817,3.2900000
MsgID.LOCAL_VELOCITY,0.0000000,0.0100000,0.0000000,-2.9200000
MsgID.ATTITUDE,35.5400000,0.9999980,-0.0009284,0.0013524,-0.0011447,-0.0018600,0.0027026,-0.0022919
MsgID.RAW_GYROSCOPE,35.5400000,0.0025104,0.0287478,0.0055627
MsgID.LOCAL_POSITION,35.5420000,0.0246149,0.0339768,-3.2948625
MsgID.LOCAL_VELOCITY,35.5420000,0.0198626,-0.0036811,-2.9133720
MsgID.GLOBAL_POSITION,0.0000000,-122.3957518,37.7932818,3.3860000
MsgID.LOCAL_VELOCITY,0.0000000,0.0100000,0.0000000,-2.5700000
MsgID.ATTITUDE,35.5650000,0.9999976,-0.0007653,0.0017880,-0.0009454,-0.0015341,0.0035745,-0.0018935
MsgID.RAW_GYROSCOPE,35.5650000,0.0105760,0.0251873,0.0074901
MsgID.LOCAL_POSITION,35.5670000,0.0349565,0.0107662,-3.3860323
MsgID.LOCAL_VELOCITY,35.5670000,0.0197043,-0.0036517,-2.5775108
MsgID.GLOBAL_POSITION,0.0000000,-122.3957519,37.7932819,3.4280000
MsgID.LOCAL_VELOCITY,0.0000000,0.0100000,0.0000000,-2.4000000
MsgID.ATTITUDE,35.5900000,0.9999974,-0.0006683,0.0019804,-0.0008996,-0.0013402,0.0039596,-0.0018019
MsgID.RAW_GYROSCOPE,35.5900000,0.0129572,0.0214739,0.0039686
MsgID.LOCAL_POSITION,35.5930000,0.0393673,-0.0057493,-3.4425492
MsgID.LOCAL_VELOCITY,35.5930000,0.0195962,-0.0036317,-2.3481600
MsgID.GLOBAL_POSITION,0.0000000,-122.3957522,37.7932819,3.5050000
MsgID.LOCAL_VELOCITY,0.0000000,0.0100000,0.0000000,-2.0600000
MsgID.ATTITUDE,35.6150000,0.9999969,-0.0004021,0.0023378,-0.0007498,-0.0008077,0.0046749,-0.0015015
MsgID.RAW_GYROSCOPE,35.6150000,0.0251051,0.0175497,0.0073411
MsgID.LOCAL_POSITION,35.6180000,0.0419285,-0.0260831,-3.5050900
MsgID.LOCAL_VELOCITY,35.6180000,0.0194644,-0.0036073,-2.0684030
MsgID.GLOBAL_POSITION,0.0000000,-122.3957523,37.7932819,3.5410000
MsgID.LOCAL_VELOCITY,0.0000000,0.0100000,0.0000000,-1.8800000
MsgID.ATTITUDE,35.6400000,0.9999967,-0.0002213,0.0024713,-0.0006631,-0.0004459,0.0049423,-0.0013273
MsgID.RAW_GYROSCOPE,35.6400000,0.0157927,0.0132783,0.0127747
MsgID.LOCAL_POSITION,35.6430000,0.0418315,-0.0435920,-3.5553699
MsgID.LOCAL_VELOCITY,35.6430000,0.0193456,-0.0035852,-1.8161782
MsgID.GLOBAL_POSITION,0.0000000,-122.3957526,37.7932819,3.6020000
MsgID.LOCAL_VELOCITY,0.0000000,0.0100000,0.0000000,-1.5500000
MsgID.ATTITUDE,35.6650000,0.9999962,0.0001291,0.0026700,-0.0006653,0.0002546,0.0053402,-0.0013300
MsgID.RAW_GYROSCOPE,35.6650000,0.0318758,0.0079529,-0.0089072
MsgID.LOCAL_POSITION,35.6680000,0.0396584,-0.0600039,-3.6020355
MsgID.LOCAL_VELOCITY,35.6680000,0.0192202,-0.0035620,-1.5501953
MsgID.GLOBAL_POSITION,0.0000000,-122.3957527,37.7932818,3.6280000
MsgID.LOCAL_VELOCITY,0.0000000,0.0100000,0.0000000,-1.3700000
MsgID.ATTITUDE,35.6900000,0.9999958,0.0004508,0.0027558,-0.0007389,0.0008975,0.0055122,-0.0014754
MsgID.RAW_GYROSCOPE,35.6900000,0.0434151,0.0124460,-0.0080399
MsgID.LOCAL_POSITION,35.6930000,0.0366704,-0.0711384,-3.6354454
MsgID.LOCAL_VELOCITY,35.6930000,0.0191172,-0.0035429,-1.3315502
MsgID.GLOBAL_POSITION,0.0000000,-122.3957528,37.7932818,3.6730000
MsgID.LOCAL_VELOCITY,0.0000000,0.0100000,0.0000000,-1.0300000
MsgID.ATTITUDE,35.7150000,0.9999943,0.0011321,0.0030140,-0.0010633,0.0022578,0.0060305,-0.0021199
MsgID.RAW_GYROSCOPE,35.7150000,0.0401526,0.0168589,-0.0304518
MsgID.LOCAL_POSITION,35.7180000,0.0320202,-0.0817555,-3.6731262
MsgID.LOCAL_VELOCITY,35.7180000,0.0189791,-0.0035173,-1.0384889
MsgID.GLOBAL_POSITION,0.0000000,-122.3957529,37.7932818,3.6900000
MsgID.LOCAL_VELOCITY,0.0000000,0.0100000,0.0000000,-0.8700000
MsgID.ATTITUDE,35.7400000,0.9999933,0.0014237,0.0031245,-0.0012625,0.0028395,0.0062526,-0.0025162
MsgID.RAW_GYROSCOPE,35.7400000,0.0306077,0.0099043,-0.0173234
MsgID.LOCAL_POSITION,35.7430000,0.0280492,-0.0862672,-3.6983879
MsgID.LOCAL_VELOCITY,35.7430000,0.0188632,-0.0034959,-0.7925529
MsgID.GLOBAL_POSITION,0.0000000,-122.3957529,37.7932817,3.7180000
MsgID.LOCAL_VELOCITY,0.0000000,0.0100000,0.0000000,-0.5300000
MsgID.ATTITUDE,35.7650000,0.9999917,0.0019043,0.0032212,-0.0016282,0.0037982,0.0064486,-0.0032443
MsgID.RAW_GYROSCOPE,35.7650000,0.0273540,-0.0012178,-0.0253449
MsgID.LOCAL_POSITION,35.7680000,0.0250095,-0.0863810,-3.7183239
MsgID.LOCAL_VELOCITY,35.7680000,0.0187433,-0.0034736,-0.5381734
MsgID.GLOBAL_POSITION,0.0000000,-122.3957528,37.7932817,3.7270000
MsgID.LOCAL_VELOCITY,0.0000000,0.0100000,0.0000000,-0.3700000
MsgID.ATTITUDE,35.7900000,0.9999910,0.0020929,0.0032088,-0.0018022,0.0041742,0.0064251,-0.0035910
MsgID.RAW_GYROSCOPE,35.7900000,0.0185293,-0.0015258,-0.0165691
MsgID.LOCAL_POSITION,35.7930000,0.0237548,-0.0825212,-3.7307737
MsgID.LOCAL_VELOCITY,35.7930000,0.0186359,-0.0034537,-0.3101195
MsgID.GLOBAL_POSITION,0.0000000,-122.3957527,37.7932817,3.7380000
MsgID.LOCAL_VELOCITY,0.0000000,0.0100000,0.0000000,-0.0400000
MsgID.ATTITUDE,35.8150000,0.9999902,0.0023940,0.0031863,-0.0019746,0.0047756,0.0063820,-0.0039340
MsgID.RAW_GYROSCOPE,35.8150000,0.0137315,-0.0001728,-0.0015576
MsgID.LOCAL_POSITION,35.8180000,0.0245955,-0.0735598,-3.7387304
MsgID.LOCAL_VELOCITY,35.8180000,0.0185105,-0.0034305,-0.0440717
MsgID.GLOBAL_POSITION,0.0000000,-122.3957526,37.7932817,3.7400000
MsgID.LOCAL_VELOCITY,0.0000000,0.0100000,0.0000000,0.1100000
MsgID.ATTITUDE,35.8400000,0.9999898,0.0025227,0.0031706,-0.0019771,0.0050328,0.0063511,-0.0039383
MsgID.RAW_GYROSCOPE,35.8400000,0.0186180,-0.0037586,0.0007459
MsgID.LOCAL_POSITION,35.8440000,0.0283661,-0.0604592,-3.7395368
MsgID.LOCAL_VELOCITY,35.8440000,0.0183860,-0.0034074,0.2201864
MsgID.GLOBAL_POSITION,0.0000000,-122.3957524,37.7932818,3.7340000
MsgID.LOCAL_VELOCITY,0.0000000,0.0100000,0.0000000,0.4200000
MsgID.ATTITUDE,35.8650000,0.9999892,0.0028490,0.0031229,-0.0019429,0.0056858,0.0062568,-0.0038680
MsgID.RAW_GYROSCOPE,35.8650000,0.0118237,-0.0054701,0.0056493
MsgID.LOCAL_POSITION,35.8690000,0.0341092,-0.0465929,-3.7347627
MsgID.LOCAL_VELOCITY,35.8690000,0.0181707,-0.0032901,0.4263624
MsgID.GLOBAL_POSITION,0.0000000,-122.3957523,37.7932819,3.7280000
MsgID.LOCAL_VELOCITY,0.0000000,0.0100000,0.0000000,0.5500000
MsgID.ATTITUDE,35.8900000,0.9999892,0.0028890,0.0030914,-0.0019248,0.0057663,0.0061940,-0.0038318
MsgID.RAW_GYROSCOPE,35.8900000,-0.0015018,-0.0022338,-0.0012332
MsgID.LOCAL_POSITION,35.8940000,0.0432672,-0.0289392,-3.7243485
MsgID.LOCAL_VELOCITY,35.8940000